#####################################################################
# Alchemist log file - simulation started at: 2024-05-18T20:39+0000 #
#####################################################################
#
# Seed = 92.0, Thresholds = [30.0, 100.0], SwapPolicy = hybrid
#
# The columns have the following meaning: 
# time IsMoving[mean] IsMoving[sum] SmartphoneCurrentCapacity[mean] WearableCurrentCapacity[mean] SmartphoneCharging[mean] SmartphoneCharging[sum] WearableCharging[mean] WearableCharging[sum] SmartphoneComponentsTime[mean] SmartphoneComponentsTime[sum] WearableComponentsTime[mean] WearableComponentsTime[sum] CloudComponentsTime[mean] CloudComponentsTime[sum] TraveledDistance[mean] TraveledDistance[sum] TraveledDistance[min] TraveledDistance[max] CloudPower[mean] CloudPower[sum] SmartphonePower[mean] SmartphonePower[sum] WearablePower[mean] WearablePower[sum] CloudCost[sum] CloudInstance[sum] PercentageSensorInWearable BehaviorOffloadedInCloud 
0.0 1.0 100.0 NaN NaN NaN 0.0 NaN 0.0 NaN 0.0 NaN 0.0 NaN 0.0 NaN 0.0 NaN NaN NaN 0.0 NaN 0.0 NaN 0.0 0.0 1.0 0.0 0.0
0.008366584444766012 1.0 100.0 NaN NaN NaN 0.0 NaN 0.0 NaN 0.0 NaN 0.0 NaN 0.0 NaN 0.0 NaN NaN NaN 0.0 NaN 0.0 NaN 0.0 0.0 1.0 0.0 0.0
60.008366584444765 0.77 77.0 3616.1211030089194 245.39114795602686 0.1 10.0 0.13000000000000006 13.0 147.57091401464672 14757.091401464666 30.94472476164383 3094.472476164384 0.0 0.0 62.91038347065081 6291.03834706508 0.0 86.543621272015 0.694550592319747 0.694550592319747 4.02247702784057 362.0229325056514 0.14845682476539193 12.915743754589098 0.05674666666666665 1.0 52.0 0.0
120.00836658444476 0.77 77.0 3600.931329475799 245.10621143999523 0.1 10.0 0.13000000000000006 13.0 296.3709140146467 29637.091401464688 62.14472476164383 6214.472476164383 0.0 0.0 124.90356762391146 12490.356762391146 0.0 173.64473602457736 12.012368108065022 12.012368108065022 4.0424513306016125 363.82061975414524 0.14824674357383058 12.897466690923258 0.11647999999999996 1.0 52.0 0.0
180.00836658444476 0.77 77.0 3585.7258991425897 244.82412088609573 0.1 10.0 0.13000000000000006 13.0 445.1709140146467 44517.0914014647 93.34472476164383 9334.472476164383 0.0 0.0 182.94590210104286 18294.590210104292 0.0 261.44689040820725 2.3640299304892864 2.3640299304892864 4.01113270923247 361.00194383092236 0.14938732479430497 12.996697257104534 0.17621333333333328 1.0 52.0 0.0
240.00836658444476 0.78 78.0 3570.304841829227 244.5442896562496 0.09000000000000001 9.0 0.13000000000000006 13.0 594.2109140146467 59421.09140146468 124.30472476164383 12430.47247616439 0.0 0.0 237.7613572480584 23776.135724805834 0.0 349.72632197925196 1.388976950731693 1.388976950731693 4.046203560088302 368.2045239680356 0.14443064083557833 12.56546575269532 0.23594666666666658 1.0 51.0 0.0
300.00836658444473 0.78 78.0 3554.4492447770194 244.27483046822198 0.09000000000000001 9.0 0.13000000000000006 13.0 743.6109140146467 74361.09140146464 154.90472476164385 15490.472476164387 0.0 0.0 289.33126165524226 28933.126165524212 0.0 436.81137931434813 15.217326467321456 15.217326467321456 4.053332871603454 368.8532913159145 0.14630142070998603 12.728223601768786 0.2946844444444456 1.0 51.0 0.0
360.00836658444473 0.78 78.0 3538.54383035528 244.00291149156695 0.09000000000000001 9.0 0.13000000000000006 13.0 893.0109140146467 89301.09140146463 185.5047247616438 18550.472476164385 0.0 0.0 336.2714846280604 33627.14846280605 0.0 524.8561707795329 9.405220497180066 9.405220497180066 4.079847930856326 371.2661617079256 0.14557064965654654 12.664646520119543 0.35441777777778055 1.0 51.0 0.0
420.00836658444473 0.79 79.0 3522.6502943321652 243.71531640802849 0.09000000000000001 9.0 0.11999999999999995 12.0 1042.4109140146468 104241.09140146464 216.1047247616438 21610.47247616438 0.0 0.0 380.9491527193924 38094.91527193923 0.0 613.3151419374358 7.303993792025034 7.303993792025034 4.031095052043941 366.8296497359986 0.14745044422321102 12.97563909164257 0.4141511111111155 1.0 51.0 0.0
480.00836658444473 0.81 81.0 3506.4015816052797 243.38143275377618 0.08 8.0 0.10999999999999997 11.0 1192.3109140146466 119231.09140146463 246.20472476164383 24620.472476164377 0.0 0.0 424.85753788929225 42485.75378892923 0.0 701.2081435214467 17.42961709350878 17.42961709350878 4.0694856236854635 374.3926773790627 0.14552201140461976 12.951459015011165 0.4738844444444505 1.0 50.0 0.0
540.0083665844447 0.81 81.0 3489.9612343647686 243.05272569738818 0.08 8.0 0.10999999999999997 11.0 1342.4509140146467 134245.09140146466 276.0647247616438 27606.47247616438 0.0 0.0 468.698289057538 46869.82890575379 0.0 788.6952880237523 14.038282314399522 14.038282314399522 4.089566293825623 376.2400990319572 0.14458694886796974 12.868238449249308 0.5336177777777836 1.0 49.0 0.0
600.0083665844447 0.8200000000000001 82.0 3473.8022664303057 242.68189297641555 0.08 8.0 0.09999999999999999 10.0 1489.8709140146468 148987.09140146468 308.64472476164383 30864.472476164385 0.0 0.0 510.60788137840194 51060.7881378402 0.0 875.1220849610875 6.08582173891363 6.08582173891363 3.940126494637344 362.49163750663564 0.16052082541736049 14.44687428756244 0.5933511111111153 1.0 61.0 0.0
660.0083665844447 0.83 83.0 3457.786810635518 242.24185281564425 0.06999999999999998 7.0 0.09999999999999999 10.0 1633.8009140146467 163380.09140146468 344.7147247616438 34471.47247616438 0.0 0.0 554.2777264305269 55427.7726430527 0.0 962.6098563835865 4.458458884801238 4.458458884801238 3.9623590188633355 368.4993887542902 0.16053504208251987 14.448153787426786 0.6530844444444469 1.0 60.0 0.0
720.0083665844447 0.8400000000000001 84.0 3441.4799428733195 241.77513874075314 0.06999999999999998 7.0 0.09 9.0 1777.2609140146467 177726.09140146468 381.25472476164384 38125.47247616437 0.0 0.0 597.4773032043983 59747.73032043984 0.0 1051.9405805358913 11.4359265570714 11.4359265570714 3.9639648519285267 368.6487312293531 0.16578956855639135 15.086850738631611 0.7128177777777785 1.0 61.0 0.0
780.0083665844447 0.8400000000000001 84.0 3425.273455648268 241.27518767474334 0.06999999999999998 7.0 0.09 9.0 1920.3609140146466 192036.09140146466 418.1547247616439 41815.47247616437 0.0 0.0 639.4589680376948 63945.896803769465 0.0 1140.354697992684 13.203187412350015 13.203187412350015 3.898383830607349 362.5496962464835 0.1687291996931837 15.35435717207971 0.7725511111111102 1.0 62.0 0.0
840.0083665844447 0.85 85.0 3409.200566171574 240.72912562641966 0.06999999999999998 7.0 0.07999999999999999 8.0 2062.1909140146468 206219.09140146466 456.32472476164384 45632.47247616437 0.0 0.0 681.4061247368901 68140.612473689 0.0 1225.9972177465054 16.553454480590023 16.553454480590023 3.879542450307183 360.7974478785681 0.17523903093575652 16.121990846089602 0.8322844444444418 1.0 64.0 0.0
900.0083665844447 0.85 85.0 3393.1533533693937 240.1505205435656 0.06999999999999998 7.0 0.07999999999999999 8.0 2203.7909140146467 220379.09140146466 494.7247247616438 49472.47247616437 0.0 0.0 723.670688946607 72367.06889466068 0.0 1312.8897249673253 16.97799111906326 16.97799111906326 3.8677000857165837 359.6961079716422 0.17307703539075042 15.923087255949044 0.8920177777777735 1.0 64.0 0.0
960.0083665844447 0.87 87.0 3376.828444151028 239.56497624721018 0.05999999999999997 6.0 0.06999999999999997 7.0 2345.7209140146465 234572.09140146468 532.7947247616438 53279.47247616437 0.0 0.0 765.9491869584883 76594.91869584884 0.0 1399.0930088611176 2.0883283145357274 2.0883283145357274 3.9059085950697567 367.15540793655714 0.17384589043531423 16.167667810484218 0.9517511111111051 1.0 63.0 0.0
1020.0083665844447 0.87 87.0 3360.183848692998 238.94704123559112 0.05999999999999997 6.0 0.06999999999999997 7.0 2487.6809140146465 248768.09140146468 570.8347247616438 57083.47247616437 0.0 0.0 806.012026702224 80601.2026702224 0.0 1484.928554960804 4.072326438802068 4.072326438802068 3.8811979254510733 364.8326049924009 0.17748404047830865 16.50601576448271 1.011484444444438 1.0 64.0 0.0
1080.0083665844447 0.88 88.0 3343.1929309131006 238.3268216783974 0.04999999999999999 5.0 0.06999999999999997 7.0 2629.4209140146468 262942.0914014648 609.0947247616439 60909.47247616437 0.0 0.0 843.928938396513 84392.8938396513 0.0 1564.9728153798462 10.418025841985544 10.418025841985544 3.9015575726733647 370.64796940396946 0.17532251972789514 16.30499433469425 1.0712177777777763 1.0 64.0 0.0
1140.0083665844447 0.88 88.0 3326.0746970017785 237.7023143992683 0.04999999999999999 5.0 0.06999999999999997 7.0 2771.1009140146466 277110.0914014647 647.4147247616438 64741.47247616437 0.0 0.0 879.7996746525226 87979.9674652523 0.0 1650.2614706756135 9.618480135838231 9.618480135838231 3.950239998090905 375.27279981863614 0.17070798936658674 15.87584301109257 1.1309511111111146 1.0 63.0 0.0
1200.0083665844447 0.89 89.0 3308.940809849397 237.06391284705074 0.04999999999999999 5.0 0.05999999999999997 6.0 2912.630914014647 291263.0914014647 685.8847247616438 68588.47247616437 0.0 0.0 917.7329288652403 91773.29288652404 0.0 1736.1327962139178 9.806451005278456 9.806451005278456 3.880470069810344 368.64465663198274 0.18258791766955612 17.16326426093828 1.1906844444444529 1.0 66.0 0.0
1260.0083665844447 0.89 89.0 3292.0594633795017 236.35953050330895 0.04999999999999999 5.0 0.05999999999999997 6.0 3052.1609140146466 305216.09140146466 726.3547247616438 72635.47247616437 0.0 0.0 957.6759960477164 95767.59960477165 0.0 1823.2633150106562 12.661146023135966 12.661146023135966 3.841583869789585 364.9504676300107 0.18037094746371624 16.954869061589324 1.2504177777777912 1.0 66.0 0.0
1320.0083665844447 0.9 90.0 3274.9343814759604 235.68694948978995 0.03999999999999998 4.0 0.05999999999999997 6.0 3193.150914014647 319315.09140146466 765.3647247616439 76536.47247616439 0.0 0.0 998.6734100247565 99867.34100247564 0.0 1912.882566598964 0.6302746807908473 0.6302746807908473 3.8833772151283363 372.8042126523204 0.17586616818030715 16.531419808948865 1.3101511111111295 1.0 64.0 0.0
1380.0083665844447 0.91 91.0 3257.2669082975326 235.01857374587163 0.03999999999999998 4.0 0.04999999999999998 5.0 3335.0609140146466 333506.09140146466 803.4547247616439 80345.4724761644 0.0 0.0 1041.3987215447783 104139.87215447785 0.0 2000.768742326075 7.524340147883578 7.524340147883578 3.8957472246204525 373.99173356356346 0.17114619262640504 16.258888299508474 1.3698844444444678 1.0 62.0 0.0
1440.0083665844447 0.92 92.0 3239.4867389019378 234.3207543518876 0.03999999999999998 4.0 0.039999999999999994 4.0 3477.7509140146467 347775.09140146466 840.7647247616438 84076.4724761644 0.0 0.0 1083.7492944246455 108374.92944246458 0.0 2085.8840131817524 10.18222939351066 10.18222939351066 3.9201968920175236 376.33890163368244 0.17113174123139113 16.428647158213554 1.429617777777806 1.0 62.0 0.0
1500.0083665844447 0.92 92.0 3221.7044303074317 233.6107711401903 0.03999999999999998 4.0 0.039999999999999994 4.0 3620.7509140146467 362075.09140146466 877.7647247616438 87776.47247616439 0.0 0.0 1125.611633839386 112561.16338393859 0.0 2173.404541209003 9.139156086666334 9.139156086666334 3.935360788807534 377.7946357255233 0.17189763421940882 16.502172885063246 1.4893511111111444 1.0 62.0 0.0
1560.0083665844447 0.9299999999999999 93.0 3203.9356416107967 232.85543562078567 0.03999999999999998 4.0 0.029999999999999978 3.0 3763.380914014647 376338.09140146466 915.1347247616438 91513.47247616439 0.0 0.0 1168.1447563913416 116814.47563913418 0.0 2259.373538634365 16.941614702217596 16.941614702217596 3.8929439922917903 373.7226232600118 0.17428491382757633 16.905636641274906 1.5490844444444827 1.0 63.0 0.0
1620.0083665844447 0.9299999999999999 93.0 3186.339772108296 232.06566133704794 0.03999999999999998 4.0 0.029999999999999978 3.0 3904.530914014647 390453.09140146466 953.9847247616439 95398.47247616439 0.0 0.0 1212.9771129630606 121297.71129630608 0.0 2345.476011082872 8.126142900485206 8.126142900485206 3.8629968083249184 370.847693599192 0.17790139654502451 17.25643546486737 1.608817777777821 1.0 65.0 0.0
1680.0083665844447 0.9299999999999999 93.0 3168.856823051539 231.25062525936372 0.03999999999999998 4.0 0.029999999999999978 3.0 4044.4309140146465 404443.09140146466 994.0847247616439 99408.4724761644 0.0 0.0 1258.9360145435812 125893.60145435817 0.0 2425.962148257401 8.052876856852679 8.052876856852679 3.8174453658745957 366.47475512396113 0.18502883234530668 17.947796737494745 1.6685511111111593 1.0 68.0 0.0
1740.0083665844447 0.94 94.0 3151.3400248292855 230.41275447901546 0.02999999999999998 3.0 0.029999999999999978 3.0 4183.220914014647 418322.0914014648 1035.294724761644 103529.4724761644 0.0 0.0 1307.1841170277025 130718.41170277026 0.0 2505.2419614938954 10.92780136459604 10.92780136459604 3.826762696013633 371.1959815133223 0.18762793627235588 18.199909818418522 1.7282844444444976 1.0 69.0 0.0
1800.0083665844447 0.94 94.0 3133.448086885079 229.58204025915376 0.02999999999999998 3.0 0.029999999999999978 3.0 4322.370914014647 432237.09140146466 1076.1447247616438 107614.47247616439 0.0 0.0 1355.0135426294373 135501.35426294373 0.0 2583.3615202612955 6.291175415498214 6.291175415498214 3.845059128700782 372.970735483976 0.1873719583528164 18.175079960223197 1.7880177777778359 1.0 68.0 0.0
1860.0083665844447 0.94 94.0 3115.621445944181 228.7310684615545 0.02999999999999998 3.0 0.029999999999999978 3.0 4460.550914014647 446055.09140146466 1117.9647247616438 111796.4724761644 0.0 0.0 1402.2604184996728 140226.04184996727 0.0 2661.443434622373 15.629375569715938 15.629375569715938 3.8106786895863607 369.63583288987707 0.19302534181068284 18.723458155636237 1.8477511111111742 1.0 70.0 0.0
1920.0083665844447 0.94 94.0 3097.810233345943 227.88273085120284 0.02999999999999998 3.0 0.029999999999999978 3.0 4598.870914014647 459887.09140146466 1159.6447247616438 115964.47247616439 0.0 0.0 1451.0324666232716 145103.24666232712 0.0 2741.7960465154606 8.955307253392286 8.955307253392286 3.8436607562600162 372.8350933572216 0.18689088692982198 18.12841603219273 1.9074844444445125 1.0 68.0 0.0
1980.0083665844447 0.94 94.0 3079.989765625014 227.032312425439 0.02999999999999998 3.0 0.029999999999999978 3.0 4737.090914014647 473709.09140146466 1201.4247247616438 120142.4724761644 0.0 0.0 1500.5862614601433 150058.62614601429 0.0 2820.391641519586 14.041333450085773 14.041333450085773 3.8106169741835916 369.6298464958083 0.19118057403405098 18.544515681302954 1.9672177777778508 1.0 70.0 0.0
2040.0083665844447 0.95 95.0 3062.249724874416 226.13478946932634 0.02999999999999998 3.0 0.01999999999999999 2.0 4874.620914014647 487462.09140146466 1243.8947247616438 124389.4724761644 0.0 0.0 1550.300516247827 155030.05162478267 0.0 2902.4687562608933 6.07284276780112 6.07284276780112 3.814713183939801 370.02717884216077 0.19499854024651464 19.10985694415844 2.026951111111183 1.0 71.0 0.0
2100.008366584445 0.96 96.0 3044.597769543903 225.1897815102901 0.02999999999999998 3.0 0.009999999999999995 1.0 5011.530914014646 501153.0914014646 1286.984724761644 128698.4724761644 0.0 0.0 1599.0294473215106 159902.944732151 0.0 2982.785684773966 2.860446493449208 2.860446493449208 3.822142692869719 370.7478412083627 0.19574446617192673 19.37870215102075 2.0856888888889524 1.0 71.0 0.0
2160.008366584445 0.97 97.0 3026.8555759413302 224.19901407882182 0.02999999999999998 3.0 0.0 0.0 5148.930914014647 514893.0914014646 1329.5847247616439 132958.4724761644 0.0 0.0 1650.2916129665618 165029.16129665612 0.0 3070.741731790393 7.840294747503735 7.840294747503735 3.777027570073334 366.3716742971133 0.1955444881831633 19.554448818316335 2.1454222222222774 1.0 71.0 0.0
2220.008366584445 0.97 97.0 3009.122547678514 223.20602520867928 0.02999999999999998 3.0 0.0 0.0 5286.360914014646 528636.0914014645 1372.1547247616438 137215.4724761644 0.0 0.0 1701.1414659527002 170114.14659527005 0.0 3153.7390635783845 2.551848493456065 2.551848493456065 3.828847487278449 371.3982062660096 0.19314989086398968 19.314989086398977 2.2051555555556024 1.0 70.0 0.0
2280.008366584445 0.97 97.0 2991.248405756306 222.23782974474085 0.02999999999999998 3.0 0.0 0.0 5425.080914014647 542508.0914014645 1413.4347247616438 141343.4724761644 0.0 0.0 1749.3423544900027 174934.23544900017 0.0 3239.8289210702555 3.176128914245346 3.176128914245346 3.8030535877380323 368.89619801058905 0.19221327552950937 19.221327552950935 2.2648888888889274 1.0 69.0 0.0
2340.008366584445 0.97 97.0 2973.3857300235604 221.2685313623424 0.02999999999999998 3.0 0.0 0.0 5563.640914014647 556364.0914014644 1454.8747247616438 145487.4724761644 0.0 0.0 1794.220774515038 179422.07745150375 0.0 3325.8988205425826 10.11736805196896 10.11736805196896 3.826620346449935 371.1821736056438 0.19562938512359446 19.562938512359448 2.3246222222222523 1.0 70.0 0.0
2400.008366584445 0.98 98.0 2955.174540531065 220.29794504418763 0.019999999999999993 2.0 0.0 0.0 5702.210914014647 570221.0914014644 1496.304724761644 149630.47247616437 0.0 0.0 1841.1628958109386 184116.28958109373 0.0 3409.5193385608804 7.743788334222647 7.743788334222647 3.838793825594036 376.2017949082157 0.19265728941111832 19.265728941111828 2.3843555555555773 1.0 69.0 0.0
2460.008366584445 0.98 98.0 2936.839300668764 219.30892220377476 0.019999999999999993 2.0 0.0 0.0 5839.840914014647 583984.0914014647 1538.6747247616438 153867.47247616437 0.0 0.0 1887.2880371068093 188728.80371068083 0.0 3493.5473124645027 13.61456191479244 13.61456191479244 3.7919980043620205 371.6158044274781 0.20045808456154082 20.045808456154077 2.4440888888889023 1.0 73.0 0.0
2520.008366584445 0.98 98.0 2918.7192985791335 218.2811340577175 0.019999999999999993 2.0 0.0 0.0 5975.610914014646 597561.0914014647 1582.9047247616438 158290.4724761644 0.0 0.0 1932.2312110616865 193223.1211061686 0.0 3580.7576178723148 1.443929439987163 1.443929439987163 3.7540377148937885 367.8956960595912 0.20362727378850612 20.362727378850625 2.5038222222222273 1.0 74.0 0.0
2580.008366584445 0.98 98.0 2900.5543987564183 217.25668835067438 0.019999999999999993 2.0 0.0 0.0 6111.640914014647 611164.0914014647 1626.8747247616438 162687.4724761644 0.0 0.0 1978.5410865488275 197854.10865488273 0.0 3663.6442618165315 13.532974500227665 13.532974500227665 3.7957236880620866 371.98092143008466 0.20302758521868502 20.302758521868494 2.5635555555555523 1.0 73.0 0.0
2640.008366584445 0.98 98.0 2882.4823326104965 216.2134603948109 0.019999999999999993 2.0 0.0 0.0 6246.720914014647 624672.0914014647 1671.794724761644 167179.4724761644 0.0 0.0 2023.0867576290452 202308.67576290446 0.0 3744.4129758826916 1.6321748403763727 1.6321748403763727 3.7507130465647696 367.5698785633475 0.20827380136234566 20.827380136234567 2.6232888888888772 1.0 75.0 0.0
2700.008366584445 0.98 98.0 2864.4810049488583 215.1572707208203 0.019999999999999993 2.0 0.0 0.0 6381.150914014646 638115.0914014647 1717.3647247616439 171736.4724761644 0.0 0.0 2066.886482460066 206688.64824600652 0.0 3827.8591746522807 4.748033207202402 4.748033207202402 3.728550028389675 365.3979027821883 0.21315617688460842 21.315617688460836 2.683022222222202 1.0 77.0 0.0
2760.008366584445 0.98 98.0 2846.5810158166614 214.08450499089406 0.019999999999999993 2.0 0.0 0.0 6514.780914014646 651478.0914014647 1763.734724761644 176373.47247616437 0.0 0.0 2110.0952835858 211009.52835857996 0.0 3910.4109807080868 17.76622337134852 17.76622337134852 3.7241779958106243 364.96944358944114 0.2098510611618216 20.985106116182166 2.742755555555527 1.0 77.0 0.0
2820.008366584445 0.98 98.0 2828.6972154180357 213.00239414938594 0.019999999999999993 2.0 0.0 0.0 6648.010914014647 664801.0914014647 1810.5047247616437 181050.4724761644 0.0 0.0 2153.673360150787 215367.33601507873 0.0 3991.9300295867265 8.304445797080586 8.304445797080586 3.7124402896236197 363.81914838311474 0.21974817870777424 21.97481787077742 2.802488888888852 1.0 80.0 0.0
2880.008366584445 0.98 98.0 2810.9645606229737 211.89465376513755 0.019999999999999993 2.0 0.0 0.0 6780.000914014647 678000.0914014647 1858.5147247616437 185851.4724761644 0.0 0.0 2197.2325501534383 219723.2550153439 0.0 4074.1271674184522 7.296898787753003 7.296898787753003 3.729451962492568 365.4862923242717 0.21996722256780804 21.996722256780803 2.862222222222177 1.0 81.0 0.0
2940.008366584445 0.98 98.0 2793.3494922518453 210.75995577985825 0.019999999999999993 2.0 0.0 0.0 6910.750914014647 691075.0914014647 1907.7647247616437 190776.4724761644 0.0 0.0 2240.9715623788093 224097.15623788096 0.0 4157.814477243213 12.078117597570914 12.078117597570914 3.687414340080645 361.3666053279031 0.227283618892353 22.728361889235295 2.921955555555502 1.0 83.0 0.0
3000.008366584445 0.98 98.0 2775.7902614970717 209.614373086525 0.019999999999999993 2.0 0.0 0.0 7040.900914014646 704090.0914014647 1957.6147247616439 195761.4724761644 0.0 0.0 2285.589186440812 228558.91864408116 0.0 4242.000809218963 2.39243124006608 2.39243124006608 3.66878934464419 359.5413557751305 0.2267509017630545 22.675090176305442 2.981688888888827 1.0 83.0 0.0
3060.008366584445 0.98 98.0 2758.188872150512 208.47811569821712 0.019999999999999993 2.0 0.0 0.0 7171.560914014647 717156.0914014647 2006.9547247616438 200695.47247616443 0.0 0.0 2329.335896694939 232933.589669494 0.0 4327.120775615599 2.138722198624189 2.138722198624189 3.657831871186938 358.4675233763198 0.22470168920804812 22.470168920804817 3.041422222222152 1.0 82.0 0.0
3120.008366584445 0.98 98.0 2740.6168947189894 207.337555539172 0.019999999999999993 2.0 0.0 0.0 7302.030914014646 730203.0914014647 2056.484724761644 205648.47247616443 0.0 0.0 2372.4256342975177 237242.56342975184 0.0 4411.997337862889 12.614707558546268 12.614707558546268 3.619153052103961 354.6769991061883 0.23057708940378335 23.057708940378326 3.101155555555477 1.0 84.0 0.0
3180.008366584445 0.98 98.0 2723.125817522661 206.1799888959822 0.019999999999999993 2.0 0.0 0.0 7431.630914014647 743163.0914014647 2106.8847247616436 210688.47247616443 0.0 0.0 2414.5009252754985 241450.09252754986 0.0 4493.923939319401 4.08124942027168 4.08124942027168 3.616284511272362 354.3958821046917 0.23038947473937452 23.038947473937448 3.160888888888802 1.0 84.0 0.0
3240.008366584445 0.98 98.0 2705.633106075967 205.0213021020979 0.019999999999999993 2.0 0.0 0.0 7561.230914014647 756123.0914014647 2157.2847247616437 215728.47247616437 0.0 0.0 2455.582956235029 245558.29562350287 0.0 4574.358143268288 13.292125855680336 13.292125855680336 3.667137227034316 359.37944824936284 0.23029334927815817 23.02933492781581 3.220622222222127 1.0 84.0 0.0
3300.008366584445 0.98 98.0 2688.0692085085107 203.87865722707073 0.019999999999999993 2.0 0.0 0.0 7691.570914014646 769157.0914014647 2206.944724761644 220694.47247616437 0.0 0.0 2497.513919138887 249751.3919138887 0.0 4657.4930880432885 10.616151981076007 10.616151981076007 3.7146978901100205 364.040393230782 0.22613429090739526 22.613429090739523 3.280355555555452 1.0 83.0 0.0
3360.008366584445 0.98 98.0 2670.475192007388 202.7408624178666 0.019999999999999993 2.0 0.0 0.0 7822.140914014647 782214.0914014647 2256.374724761644 225637.47247616437 0.0 0.0 2540.2466165789583 254024.66165789592 0.0 4740.589957920775 12.558598692864251 12.558598692864251 3.6655741602018184 359.2262676997781 0.22408240830102094 22.4082408301021 3.340088888888777 1.0 82.0 0.0
3420.008366584445 0.98 98.0 2652.7505827546165 201.62656488030316 0.019999999999999993 2.0 0.0 0.0 7953.890914014647 795389.0914014647 2304.624724761644 230462.47247616437 0.0 0.0 2584.192543060879 258419.25430608794 0.0 4823.662621555604 5.754970470862924 5.754970470862924 3.7005969014641855 362.6584963434901 0.21933639972504915 21.933639972504924 3.399822222222102 1.0 80.0 0.0
3480.008366584445 0.98 98.0 2635.0250395809335 200.51863355302527 0.019999999999999993 2.0 0.0 0.0 8085.890914014647 808589.0914014647 2352.624724761644 235262.47247616437 0.0 0.0 2628.250671003003 262825.0671003003 0.0 4906.695829709751 9.965596167135157 9.965596167135157 3.667390398459141 359.404259048996 0.22068886607997754 22.068886607997772 3.459555555555427 1.0 80.0 0.0
3540.008366584445 0.99 99.0 2617.1268148895947 199.4074219263757 0.009999999999999995 1.0 0.0 0.0 8217.710914014646 821771.0914014647 2400.8047247616437 240080.47247616437 0.0 0.0 2671.4523212626227 267145.2321262622 0.0 4990.833268939782 16.904805238771857 16.904805238771857 3.6860519223697183 364.9191403146021 0.2206285130364634 22.062851303646347 3.519288888888752 1.0 81.0 0.0
3600.008366584445 0.99 99.0 2598.933064882229 198.28571351948068 0.009999999999999995 1.0 0.0 0.0 8349.120914014647 834912.0914014647 2449.394724761644 244939.47247616437 0.0 0.0 2715.9872912831975 271598.72912831977 0.0 5073.415224238796 3.611135049122932 3.611135049122932 3.709228269843503 367.2135987145069 0.22257166137701534 22.25716613770155 3.579022222222077 1.0 81.0 0.0
3660.008366584445 1.0 100.0 2580.572782987039 197.14819797558116 0.0 0.0 0.0 0.0 8479.710914014646 847971.0914014647 2498.8047247616437 249880.47247616437 0.0 0.0 2765.1491975106574 276514.9197510657 39.39966433897619 5158.278015150479 7.689101187084567 7.689101187084567 3.706547799224641 370.6547799224641 0.22777467188885178 22.77746718888518 3.638755555555402 1.0 83.0 0.0
3720.008366584445 1.0 100.0 2562.0309637903033 195.98809005084593 0.0 0.0 0.0 0.0 8609.220914014646 860922.0914014647 2549.294724761644 254929.47247616437 0.0 0.0 2818.931890316525 281893.18903165247 125.03906669630497 5243.364912165775 5.350994144351361 5.350994144351361 3.6816453665236093 368.1645366523609 0.2312086499641656 23.12086499641656 3.698488888888727 1.0 85.0 0.0
3780.008366584445 1.0 100.0 2543.568141061957 194.81628036528136 0.0 0.0 0.0 0.0 8738.240914014646 873824.0914014647 2600.274724761644 260027.47247616437 0.0 0.0 2870.9112729186227 287091.12729186227 208.84927448527628 5325.7782573075 10.128312184145113 10.128312184145113 3.6826491262553818 368.26491262553833 0.2308404483205048 23.08404483205048 3.758222222222052 1.0 84.0 0.0
3840.008366584445 1.0 100.0 2525.0684656128005 193.65285392543342 0.0 0.0 0.0 0.0 8867.560914014646 886756.0914014647 2650.954724761644 265095.47247616434 0.0 0.0 2923.3085227850006 292330.8522785001 208.84927448527628 5408.174192573687 12.33108618102 12.33108618102 3.640700010537892 364.0700010537893 0.23551453537370637 23.551453537370637 3.817955555555377 1.0 86.0 0.0
3900.008366584445 1.0 100.0 2506.6852561716996 192.46731040514305 0.0 0.0 0.0 0.0 8995.870914014647 899587.0914014647 2702.644724761644 270264.47247616434 0.0 0.0 2973.8159077436335 297381.5907743633 208.84927448527628 5491.676165725861 3.3277430630907867 3.3277430630907867 3.619863364303257 361.9863364303258 0.23704395981821846 23.704395981821857 3.877688888888702 1.0 87.0 0.0
3960.008366584445 1.0 100.0 2488.3970855830885 191.2626709386087 0.0 0.0 0.0 0.0 9123.270914014647 912327.0914014647 2755.2447247616437 275524.47247616434 0.0 0.0 3021.2306555420764 302123.06555420766 208.84927448527628 5572.5543255929715 0.43506231571570764 0.43506231571570764 3.594653102149088 359.46531021490887 0.24280943665555377 24.28094366555537 3.9374222222220268 1.0 89.0 0.0
4020.008366584445 1.0 100.0 2470.1491045040725 190.04568010757785 0.0 0.0 0.0 0.0 9250.100914014647 925010.0914014647 2808.414724761644 280841.47247616446 0.0 0.0 3070.125068888964 307012.50688889634 208.84927448527628 5583.9850252189735 0.47242410839986165 0.47242410839986165 3.6269077000752246 362.6907700075224 0.2396391330871495 23.963913308714943 3.9971555555553517 1.0 88.0 0.0
4080.008366584445 1.0 100.0 2451.890720559608 188.8320286696948 0.0 0.0 0.0 0.0 9377.040914014648 937704.0914014647 2861.4747247616438 286147.4724761644 0.0 0.0 3122.398284326244 312239.8284326245 208.84927448527628 5652.789995153782 0.6522764711948166 0.6522764711948166 3.61856387294614 361.8563872946141 0.24237718068057154 24.23771806805715 4.056888888888702 1.0 89.0 0.0
4140.008366584445 1.0 100.0 2433.6906165766773 187.6135529732103 0.0 0.0 0.0 0.0 9503.680914014647 950368.0914014649 2914.834724761644 291483.4724761644 0.0 0.0 3175.0097620058864 317500.9762005888 208.84927448527628 5738.520160496485 1.968447142071516 1.968447142071516 3.610475238408386 361.0475238408385 0.24096657336859223 24.09665733685923 4.116622222222054 1.0 88.0 0.0
4200.008366584445 1.0 100.0 2415.554469259766 186.3802622194368 0.0 0.0 0.0 0.0 9629.710914014648 962971.0914014649 2968.8047247616437 296880.47247616446 0.0 0.0 3227.793459288559 322779.34592885606 208.84927448527628 5823.784439452881 10.67869582086734 10.67869582086734 3.5660860275633004 356.60860275633 0.24681465965684746 24.68146596568474 4.176355555555405 1.0 91.0 0.0
4260.008366584445 1.0 100.0 2397.470968402318 185.13410933468887 0.0 0.0 0.0 0.0 9755.110914014647 975511.0914014647 3023.404724761644 302340.4724761644 0.0 0.0 3279.6442324085506 327964.42324085516 208.84927448527628 5910.962134667154 10.408715288356564 10.408715288356564 3.589044229423848 358.90442294238466 0.24619080378943492 24.6190803789435 4.236088888888757 1.0 91.0 0.0
4320.008366584445 1.0 100.0 2379.309436503931 183.89942534936787 0.0 0.0 0.0 0.0 9881.200914014647 988120.0914014647 3077.314724761644 307731.4724761644 0.0 0.0 3327.8707068486246 332787.0706848626 208.84927448527628 5998.91964177942 0.5945135257732472 0.5945135257732472 3.6065084329905424 360.65084329905415 0.23923106800659943 23.923106800659934 4.2958222222221085 1.0 88.0 0.0
4380.008366584445 1.0 100.0 2361.0284442857455 182.69102973638647 0.0 0.0 0.0 0.0 10008.430914014647 1000843.0914014647 3130.084724761644 313008.4724761644 0.0 0.0 3376.306063401244 337630.60634012456 208.84927448527628 6086.416026313781 7.7660941766742955 7.7660941766742955 3.602203394776243 360.2203394776242 0.23505346069118316 23.505346069118318 4.35555555555546 1.0 87.0 0.0
4440.008366584445 1.0 100.0 2342.7030778649705 181.49514596748793 0.0 0.0 0.0 0.0 10136.230914014646 1013623.0914014647 3182.2847247616437 318228.4724761644 0.0 0.0 3424.9382169817914 342493.8216981793 208.84927448527628 6171.264142960376 13.230138106154506 13.230138106154506 3.649150637897824 364.91506378978215 0.2377885025441033 23.77885025441033 4.415288888888812 1.0 87.0 0.0
4500.008366584445 1.0 100.0 2324.4155082732273 180.29046320385635 0.0 0.0 0.0 0.0 10263.590914014647 1026359.0914014647 3234.924724761644 323492.4724761644 0.0 0.0 3470.887355935856 347088.73559358565 208.84927448527628 6257.971029319222 2.192169152662616 2.192169152662616 3.597242980097186 359.7242980097187 0.23937205338852927 23.93720533885294 4.475022222222163 1.0 88.0 0.0
4560.008366584445 1.0 100.0 2306.14738163583 179.08002018275522 0.0 0.0 0.0 0.0 10390.790914014648 1039079.0914014647 3287.7247247616438 328772.4724761644 0.0 0.0 3517.4659000098463 351746.59000098484 208.84927448527628 6346.646823383622 0.16124537421253216 0.16124537421253216 3.604413342910317 360.4413342910317 0.23877439857817334 23.877439857817336 4.534755555555515 1.0 88.0 0.0
4620.008366584445 1.0 100.0 2287.906664215381 177.85972329963863 0.0 0.0 0.0 0.0 10517.440914014647 1051744.0914014648 3341.074724761644 334107.4724761644 0.0 0.0 3564.6145059940004 356461.45059940004 208.84927448527628 6433.644748870249 14.635505219854025 14.635505219854025 3.60398323485585 360.3983234855852 0.24123942142665322 24.123942142665307 4.594488888888867 1.0 89.0 0.0
4680.008366584445 1.0 100.0 2269.70213040734 176.63729826539787 0.0 0.0 0.0 0.0 10644.040914014648 1064404.0914014648 3394.4747247616438 339447.4724761644 0.0 0.0 3611.3398575492915 361133.98575492925 208.84927448527628 6520.055498163394 9.31786529981923 9.31786529981923 3.621074943826605 362.1074943826605 0.2409194591437018 24.091945914370175 4.654222222222218 1.0 89.0 0.0
4740.008366584445 1.0 100.0 2251.505999989074 175.41095554344935 0.0 0.0 0.0 0.0 10770.380914014646 1077038.0914014648 3448.134724761644 344813.4724761644 0.0 0.0 3658.2738260498427 365827.3826049844 208.84927448527628 6611.296218538716 16.27718206042593 16.27718206042593 3.625410361579462 362.5410361579462 0.2408902905197801 24.08902905197802 4.71395555555557 1.0 89.0 0.0
4800.008366584445 1.0 100.0 2233.2978393492012 174.18849436873126 0.0 0.0 0.0 0.0 10896.980914014646 1089698.0914014648 3501.5347247616437 350153.4724761644 0.0 0.0 3706.0690688831987 370606.90688832 208.84927448527628 6699.400371435329 9.065931761987406 9.065931761987406 3.589171773070799 358.9171773070799 0.2413071160444426 24.130711604444276 4.7736888888889215 1.0 89.0 0.0
4860.008366584445 1.0 100.0 2215.1865315640603 172.9726263845646 0.0 0.0 0.0 0.0 11023.280914014647 1102328.091401465 3554.6147247616436 355461.4724761644 61.0 61.0 3754.305680951796 375430.5680951796 208.84927448527628 6782.385814507487 103.70005314549928 103.70005314549928 3.5436198708709385 354.3619870870939 0.24160108187510831 24.160108187510836 4.833422222222273 1.0 89.0 2.0
4920.008366584445 1.0 100.0 2197.342170478538 171.72858299927236 0.0 0.0 0.0 0.0 11147.620914014647 1114762.091401465 3609.0547247616437 360905.4724761644 183.0 183.0 3803.7451237830205 380374.5123783022 208.84927448527628 6863.28263619552 154.3355934446643 154.3355934446643 3.4800270355775442 348.00270355775433 0.2504399571625536 25.04399571625536 4.893155555555625 1.0 92.0 3.0
4980.008366584445 1.0 100.0 2179.878268905358 170.46254105801603 0.0 0.0 0.0 0.0 11269.680914014647 1126968.091401465 3664.634724761644 366463.4724761644 419.0 419.0 3851.060879905301 385106.0879905302 208.84927448527628 6945.465729424093 205.36474206743458 205.36474206743458 3.442659749723318 344.2659749723317 0.2514968311188711 25.14968311188712 4.952888888888976 1.0 93.0 4.0
5040.008366584445 1.0 100.0 2162.413776534553 169.19477300968015 0.0 0.0 0.0 0.0 11391.680914014647 1139168.091401465 3720.234724761644 372023.4724761644 659.0 659.0 3899.1389161574416 389913.89161574416 208.84927448527628 7028.918246999129 204.50901578100508 204.50901578100508 3.4729777003199263 347.29777003199274 0.249250500707185 24.925050070718513 5.012622222222328 1.0 92.0 4.0
5100.008366584445 1.0 100.0 2144.9863685274636 167.94786577760019 0.0 0.0 0.0 0.0 11514.070914014646 1151407.0914014648 3774.834724761644 377483.4724761644 960.0 960.0 3948.5023618638693 394850.236186387 240.41385134798065 7110.920746989397 338.3247322299846 338.3247322299846 3.4020378083126115 340.2037808312611 0.24675897416464207 24.675897416464206 5.096248888888999 2.0 91.0 7.000000000000001
5160.008366584445 1.0 100.0 2127.817443593267 166.69892960593702 0.0 0.0 0.0 0.0 11635.140914014646 1163514.0914014648 3829.564724761644 382956.4724761644 1380.0 1380.0 4000.709761801741 400070.97618017416 322.28238373617944 7193.4406204726665 337.4065551808759 337.4065551808759 3.425278411085649 342.52784110856487 0.24379625418542422 24.379625418542425 5.215715555555649 2.0 90.0 7.000000000000001
5220.008366584445 1.0 100.0 2110.626733212745 165.4639965332988 0.0 0.0 0.0 0.0 11756.800914014646 1175680.0914014648 3883.564724761644 388356.4724761644 1814.0 1814.0 4050.7327100703146 405073.27100703167 360.67262699260976 7275.861258834048 390.2793157522215 390.2793157522215 3.401872344765575 340.18723447655753 0.24446883498124972 24.446883498124965 5.335182222222299 2.0 90.0 8.0
5280.008366584445 1.0 100.0 2093.535732161376 164.22990980201703 0.0 0.0 0.0 0.0 11878.000914014647 1187800.0914014648 3937.564724761644 393756.4724761644 2294.0 2294.0 4096.760094696773 409676.0094696773 360.67262699260976 7361.428263473261 383.2907286562707 383.2907286562707 3.3841569098244637 338.41569098244645 0.2450536648846295 24.505366488462954 5.454648888888949 2.0 90.0 8.0
5340.008366584445 1.0 100.0 2076.594860776767 162.98668127221163 0.0 0.0 0.0 0.0 11998.310914014646 1199831.091401465 3992.004724761644 399200.4724761644 2819.0 2819.0 4142.237917980344 414223.79179803457 360.67262699260976 7445.895541764659 435.4406713198469 435.4406713198469 3.351952172687745 335.19521726877457 0.24870015599908754 24.870015599908754 5.59303111111116 2.0 91.0 9.0
5400.008366584445 1.0 100.0 2059.682381046314 161.7501046163475 0.0 0.0 0.0 0.0 12118.670914014647 1211867.091401465 4046.0547247616437 404605.4724761644 3378.0 3378.0 4189.130355128621 418913.0355128622 360.67262699260976 7529.61873328181 493.9045165347992 493.9045165347992 3.3400749905108027 334.0074990510801 0.24422111465090937 24.422111465090943 5.7533155555556 3.0 90.0 10.0
5460.008366584445 1.0 100.0 2042.9264234809987 160.5154223223978 0.0 0.0 0.0 0.0 12238.420914014647 1223842.091401465 4100.054724761644 410005.4724761643 4003.0 4003.0 4236.997082699809 423699.7082699807 360.67262699260976 7614.419662002036 587.7712094416755 587.7712094416755 3.302828771068427 330.2828771068427 0.24318220046793226 24.318220046793225 5.932515555555602 3.0 90.0 12.0
5520.008366584445 1.0 100.0 2026.5293509833948 159.29090727453286 0.0 0.0 0.0 0.0 12356.730914014646 1235673.0914014648 4153.624724761644 415362.4724761644 4815.0 4815.0 4283.899435596171 428389.9435596171 360.67262699260976 7700.134194238663 684.9653592137478 684.9653592137478 3.2564879414312164 325.6487941431215 0.24197819177741403 24.197819177741398 6.145564444444503 4.0 89.0 14.000000000000002
5580.008366584445 1.0 100.0 2010.219418107944 158.08121793646544 0.0 0.0 0.0 0.0 12475.000914014647 1247500.0914014648 4206.464724761644 420646.4724761644 5704.0 5704.0 4327.734618021471 432773.46180214715 360.67262699260976 7782.149075177867 728.2858699459413 728.2858699459413 3.2554485990895676 325.5448599089569 0.24053281944495347 24.053281944495343 6.384497777777856 4.0 88.0 15.0
5640.008366584445 1.0 100.0 1994.1489952619897 156.85239172573762 0.0 0.0 0.0 0.0 12591.750914014647 1259175.0914014648 4260.134724761644 426013.4724761644 6662.0 6662.0 4368.878721112693 436887.8721112695 360.67262699260976 7866.716153443198 772.5124456963675 772.5124456963675 3.1648386580055807 316.48386580055814 0.24424414281000228 24.42441428100023 6.623431111111209 4.0 90.0 16.0
5700.008366584445 1.0 100.0 1978.135525254358 155.61928978181834 0.0 0.0 0.0 0.0 12708.050914014646 1270805.0914014648 4314.084724761644 431408.4724761643 7637.0 7637.0 4412.104461483543 441210.4461483545 360.67262699260976 7951.687965623987 819.6554738251523 819.6554738251523 3.1352870794496983 313.52870794496965 0.2432772221044349 24.327722210443508 6.862364444444562 4.0 91.0 17.0
5760.008366584445 1.0 100.0 1962.2974610926744 154.36966027347387 0.0 0.0 0.0 0.0 12823.250914014647 1282325.0914014645 4368.684724761644 436868.4724761644 8657.0 8657.0 4457.84057084445 445784.05708444514 360.67262699260976 8033.602658485832 823.9768528558252 823.9768528558252 3.1301700518355644 313.0170051835566 0.24798490838058931 24.79849083805893 7.101297777777916 4.0 91.0 17.0
5820.008366584445 1.0 100.0 1946.4181579087144 153.13118040431763 0.0 0.0 0.0 0.0 12938.810914014646 1293881.0914014645 4422.924724761644 442292.4724761644 9677.0 9677.0 4503.1614545507755 450316.1454550776 360.67262699260976 8115.706085806045 821.1911027934791 821.1911027934791 3.1754914577866775 317.5491457786677 0.24404721044556862 24.404721044556865 7.340231111111269 4.0 90.0 17.0
5880.008366584445 1.0 100.0 1930.5846071254823 151.90629509107927 0.0 0.0 0.0 0.0 13054.430914014647 1305443.0914014645 4476.504724761644 447650.4724761644 10757.0 10757.0 4543.492568626765 454349.25686267647 360.67262699260976 8196.962402013229 872.9987624567151 872.9987624567151 3.1287645520806127 312.8764552080612 0.24320386616732217 24.320386616732208 7.579164444444622 4.0 89.0 18.0
5940.008366584445 1.0 100.0 1914.8224560728097 150.6838569293634 0.0 0.0 0.0 0.0 13169.900914014646 1316990.0914014645 4529.904724761644 452990.4724761644 11870.0 11870.0 4586.376273996879 458637.627399688 407.4946002426162 8278.566730504173 909.5346201254054 909.5346201254054 3.09189288307691 309.1892883076908 0.24259310680042895 24.259310680042898 7.850951111111289 5.0 89.0 19.0
6000.008366584445 1.0 100.0 1899.274048776419 149.4579345947646 0.0 0.0 0.0 0.0 13284.340914014647 1328434.0914014645 4583.474724761644 458347.4724761644 13068.0 13068.0 4628.743278918643 462874.32789186435 493.47753947966754 8361.369768640212 966.4609373613392 966.4609373613392 3.0893239467632942 308.93239467632935 0.24069165540740572 24.069165540740592 8.149617777777967 5.0 88.0 20.0
6060.008366584445 1.0 100.0 1883.831124112514 148.24042092674213 0.0 0.0 0.0 0.0 13398.560914014646 1339856.0914014645 4636.684724761644 463668.4724761644 14325.0 14325.0 4670.424376439538 467042.43764395406 578.1847423096566 8428.451013184002 1059.2176315907436 1059.2176315907436 3.0241576481036097 302.4157648103609 0.24151292389413942 24.151292389413946 8.448284444444672 5.0 88.0 22.0
6120.008366584445 1.0 100.0 1868.4438665476844 147.03643817718225 0.0 0.0 0.0 0.0 13512.810914014646 1351281.0914014643 4689.2347247616435 468923.4724761644 15645.0 15645.0 4713.615712799445 471361.5712799445 664.1298460348144 8428.451013184002 1055.8478645202295 1055.8478645202295 3.0599808865836433 305.9980886583642 0.23827812617791583 23.82781261779158 8.746951111111377 5.0 88.0 22.0
6180.008366584445 1.0 100.0 1853.0819773154742 145.82686946045666 0.0 0.0 0.0 0.0 13626.810914014646 1362681.0914014643 4742.034724761644 474203.4724761644 16965.0 16965.0 4757.876549722666 475787.6549722667 745.626477345434 8428.451013184002 1060.0157709550774 1060.0157709550774 3.038285581693238 303.8285581693238 0.23997901401993463 23.99790140199345 9.045617777778082 5.0 88.0 22.0
6240.008366584445 1.0 100.0 1837.8308109520806 144.61940857346505 0.0 0.0 0.0 0.0 13740.370914014647 1374037.0914014645 4794.7747247616435 479477.4724761644 18335.0 18335.0 4804.710380381209 480471.03803812095 827.6703114976211 8428.451013184002 1110.123685160687 1110.123685160687 3.032718996650247 303.27189966502465 0.2374046625992191 23.74046625992191 9.388088888889206 6.0 87.0 23.0
6300.008366584445 1.0 100.0 1822.5603821196048 143.43633651213455 0.0 0.0 0.0 0.0 13854.690914014647 1385469.0914014645 4846.2747247616435 484627.4724761644 19753.0 19753.0 4850.308650186262 485030.86501862627 911.7937662780635 8428.451013184002 1149.839717357655 1149.839717357655 3.0399385902249616 303.99385902249605 0.228186333856944 22.8186333856944 9.744497777778099 6.0 84.0 24.0
6360.008366584445 1.0 100.0 1807.2228324214163 142.2989060350208 0.0 0.0 0.0 0.0 13970.410914014647 1397041.0914014645 4895.664724761644 489566.4724761644 21242.0 21242.0 4897.6912655055485 489769.12655055494 995.6065462316245 8428.451013184002 1193.6486794906161 1193.6486794906161 3.0210707304220024 302.1070730422001 0.22358888187254194 22.358888187254212 10.102897777778102 6.0 82.0 25.0
6420.008366584445 1.0 100.0 1791.9181681561372 141.1734740166056 0.0 0.0 0.0 0.0 14086.250914014647 1408625.0914014645 4944.464724761644 494446.4724761644 22778.0 22778.0 4943.925259614615 494392.52596146177 1080.0676648447966 8428.451013184002 1251.5111568888694 1251.5111568888694 3.0514348989542937 305.14348989542947 0.2193477484214781 21.93477484214781 10.461297777778105 6.0 80.0 26.0
6480.008366584445 1.0 100.0 1776.6194399266694 140.05796386284675 0.0 0.0 0.0 0.0 14202.250914014647 1420225.0914014645 4992.864724761644 499286.4724761644 24338.0 24338.0 4990.207951432517 499020.79514325166 1165.2393749207163 8428.451013184002 1241.4544104988559 1241.4544104988559 3.0437691770367317 304.37691770367314 0.21579253211223307 21.579253211223303 10.819697777778108 6.0 80.0 26.0
6540.008366584445 1.0 100.0 1761.181151837176 138.97290765036095 0.0 0.0 0.0 0.0 14319.770914014647 1431977.0914014645 5039.744724761644 503974.4724761644 25898.0 25898.0 5038.227294519101 503822.72945191024 1250.3658729726064 8433.6197995156 1255.474706921663 1255.474706921663 3.074081957086666 307.4081957086667 0.21394419123683187 21.394419123683193 11.178097777778111 6.0 78.0 26.0
6600.008366584445 1.0 100.0 1745.7585265962189 137.8821143920869 0.0 0.0 0.0 0.0 14436.960914014648 1443696.0914014645 5086.954724761644 508695.4724761644 27458.0 27458.0 5085.179933459711 508517.9933459712 1334.4058834179527 8521.232816540552 1244.538400331889 1244.538400331889 3.051533634283278 305.1533634283278 0.2157063303581633 21.57063303581634 11.536497777778115 6.0 79.0 26.0
6660.008366584445 1.0 100.0 1730.3860151271065 136.78567304301245 0.0 0.0 0.0 0.0 14553.850914014647 1455385.0914014645 5134.464724761644 513446.4724761644 29018.0 29018.0 5131.6229208447385 513162.29208447406 1376.865463495452 8606.708936854948 1250.7030633277216 1250.7030633277216 3.0473515957252606 304.735159572526 0.21863384697263394 21.863384697263385 11.894897777778118 6.0 80.0 26.0
6720.008366584445 1.0 100.0 1715.0721151977955 135.68283874363684 0.0 0.0 0.0 0.0 14670.180914014647 1467018.0914014645 5182.204724761644 518220.4724761644 30611.0 30611.0 5177.722433451341 517772.2433451342 1376.865463495452 8691.739122133464 1302.236093410267 1302.236093410267 3.059117886126139 305.9117886126139 0.21679248464208115 21.679248464208104 12.253297777778121 6.0 79.0 27.0
6780.008366584445 1.0 100.0 1700.027997765378 134.58739836997327 0.0 0.0 0.0 0.0 14785.560914014646 1478556.0914014645 5229.634724761644 522963.4724761644 32330.0 32330.0 5223.160192019841 522316.0192019842 1376.865463495452 8778.337267839463 1390.7440086294082 1390.7440086294082 2.9673590812247053 296.73590812247045 0.21633520519422367 21.633520519422373 12.662471111111428 7.0 79.0 28.999999999999996
6840.008366584445 1.0 100.0 1685.0675673207234 133.4913281259559 0.0 0.0 0.0 0.0 14900.540914014648 1490054.091401464 5277.0247247616435 527702.4724761645 34093.0 34093.0 5269.756307086678 526975.6307086679 1376.865463495452 8867.018153829908 1444.7808411945048 1444.7808411945048 2.951914146476286 295.1914146476287 0.21439524621334327 21.43952462133432 13.08060444444473 7.0 78.0 30.0
6900.008366584445 1.0 100.0 1670.2829489543528 132.4057468646027 0.0 0.0 0.0 0.0 15015.040914014648 1501504.091401464 5323.964724761644 532396.4724761645 35949.0 35949.0 5315.691262934107 531569.1262934109 1376.865463495452 8954.541442071666 1487.0725183210939 1487.0725183210939 2.9240676960668033 292.4067696066803 0.21678542451260113 21.67854245126012 13.49873777777803 7.0 79.0 31.0
6960.008366584445 1.0 100.0 1655.7422113396249 131.29410810150006 0.0 0.0 0.0 0.0 15127.700914014647 1512770.091401464 5372.154724761644 537215.4724761645 37863.0 37863.0 5361.701259137343 536170.1259137344 1376.865463495452 9042.795609892435 1588.146884902759 1588.146884902759 2.8566190176418473 285.66190176418485 0.2168769566173639 21.687695661736377 13.93578666666691 8.0 80.0 33.0
7020.008366584445 1.0 100.0 1641.396345960057 130.17789137304646 0.0 0.0 0.0 0.0 15239.530914014647 1523953.091401464 5420.5247247616435 542052.4724761645 39843.0 39843.0 5408.938348682141 540893.8348682142 1376.865463495452 9126.787754052844 1584.5119472218855 1584.5119472218855 2.8712169655922315 287.1216965592232 0.22026119661670435 22.026119661670432 14.413653333333617 8.0 80.0 33.0
7080.008366584445 1.0 100.0 1627.07431372804 129.0695380698467 0.0 0.0 0.0 0.0 15351.180914014647 1535118.091401464 5468.594724761644 546859.4724761645 41871.0 41871.0 5454.362623055363 545436.2623055364 1376.865463495452 9213.15753123311 1633.277210572138 1633.277210572138 2.8284830973826414 282.8483097382642 0.22000671613181857 22.000671613181847 14.891520000000323 8.0 80.0 34.0
7140.008366584445 1.0 100.0 1612.8758071875234 127.96072253598207 0.0 0.0 0.0 0.0 15462.420914014647 1546242.091401464 5516.584724761644 551658.4724761645 43948.0 43948.0 5501.837869577292 550183.7869577295 1382.462301548326 9216.051331424662 1688.0888409758584 1688.0888409758584 2.801965231795618 280.1965231795617 0.21838060245526458 21.838060245526467 15.36938666666703 8.0 79.0 35.0
7200.008366584445 1.0 100.0 1598.7625460977727 126.86585823737542 0.0 0.0 0.0 0.0 15573.680914014647 1557368.091401464 5563.964724761644 556396.4724761643 46084.0 46084.0 5548.402063233592 554840.2063233593 1470.0879175557457 9216.051331424662 1723.9706216446966 1723.9706216446966 2.8043221621678556 280.4322162167855 0.21630455159970974 21.630455159970968 15.847253333333736 8.0 79.0 36.0
7260.008366584445 1.0 100.0 1584.7096703108953 125.783003953976 0.0 0.0 0.0 0.0 15684.910914014647 1568491.0914014645 5610.754724761644 561075.4724761643 48282.0 48282.0 5593.307195199142 559330.7195199144 1529.0082816268136 9216.051331424662 1777.1016169690506 1777.1016169690506 2.7658600252520285 276.58600252520296 0.21618732293042237 21.618732293042243 16.36295111111146 9.0 78.0 37.0
7320.008366584445 1.0 100.0 1570.842738549419 124.6956815280577 0.0 0.0 0.0 0.0 15795.250914014647 1579525.0914014645 5657.794724761644 565779.4724761643 50544.0 50544.0 5639.550313647407 563955.0313647409 1529.0082816268136 9216.051331424662 1824.3509288101827 1824.3509288101827 2.7589323252279394 275.893232522794 0.2154508290491434 21.545082904914352 16.90055111111136 9.0 78.0 38.0
7380.008366584445 1.0 100.0 1557.1846854854855 123.60177119428671 0.0 0.0 0.0 0.0 15904.350914014647 1590435.0914014645 5705.134724761644 570513.4724761643 52900.0 52900.0 5689.241492049703 568924.1492049705 1529.0082816268136 9292.598200857105 1926.5039846070586 1926.5039846070586 2.693078055118244 269.3078055118245 0.21382040212004114 21.382040212004103 17.438151111111257 9.0 78.0 40.0
7440.008366584445 1.0 100.0 1543.7888600436027 122.48625524446943 0.0 0.0 0.0 0.0 16011.640914014646 1601164.0914014645 5753.514724761644 575351.4724761643 55333.0 55333.0 5737.186422192254 573718.6422192256 1529.0082816268136 9374.911771591254 1974.333193155366 1974.333193155366 2.612565748864953 261.25657488649534 0.22616372856249548 22.616372856249548 17.975751111111155 9.0 83.0 41.0
7500.008366584445 1.0 100.0 1530.5611459520749 121.36016717228534 0.0 0.0 0.0 0.0 16118.090914014647 1611809.091401464 5802.324724761644 580232.4724761642 57806.0 57806.0 5787.467127650016 578746.7127650016 1529.0082816268136 9455.975374827482 2017.8204616437708 2017.8204616437708 2.6262872260906196 262.6287226090619 0.21732110143740518 21.73211014374051 18.526293333333314 10.0 79.0 42.0
7560.008366584445 1.0 100.0 1517.4943999105003 120.27374543453315 0.0 0.0 0.0 0.0 16224.630914014648 1622463.091401464 5849.374724761644 584937.4724761642 60445.0 60445.0 5841.733025239959 584173.302523996 1529.0082816268136 9541.812082323419 2155.3757965405694 2155.3757965405694 2.5490184982759536 254.9018498275954 0.21661767753220545 21.66176775322054 19.123626666666723 10.0 79.0 45.0
7620.008366584445 1.0 100.0 1504.7954788057714 119.1669714665324 0.0 0.0 0.0 0.0 16329.160914014647 1632916.0914014645 5897.314724761643 589731.4724761642 63198.0 63198.0 5896.319123699116 589631.9123699118 1529.0082816268136 9627.697835410028 2201.1877199490814 2201.1877199490814 2.531365504447014 253.13655044470147 0.22035605930942687 22.035605930942694 19.758791111111222 11.0 80.0 46.0
7680.008366584445 1.0 100.0 1492.1801594655055 118.06080031690696 0.0 0.0 0.0 0.0 16433.270914014647 1643327.0914014645 5945.194724761644 594519.4724761642 65999.0 65999.0 5948.205461613076 594820.5461613077 1529.0082816268136 9711.151142521312 2306.994215305617 2306.994215305617 2.463682481562612 246.36824815626116 0.2197299869759503 21.972998697595024 20.40590222222238 11.0 80.0 48.0
7740.008366584445 1.0 100.0 1479.9614768050383 116.94242150152598 0.0 0.0 0.0 0.0 16535.320914014646 1653532.0914014645 5993.664724761644 599366.4724761642 68947.0 68947.0 5998.382065708517 599838.2065708521 1529.0082816268136 9795.26194578154 2398.1404473627463 2398.1404473627463 2.39926578188115 239.9265781881149 0.22165645327302327 22.165645327302325 21.06296888888909 11.0 81.0 50.0
7800.008366584445 1.0 100.0 1468.0320317574067 115.8170957933197 0.0 0.0 0.0 0.0 16635.730914014646 1663573.0914014645 6042.494724761644 604249.4724761642 72023.0 72023.0 6052.178481366497 605217.8481366497 1529.0082816268136 9880.263130061929 2497.8371633286397 2497.8371633286397 2.32167808207092 232.167808207092 0.2217389477990993 22.173894779909944 21.765831111111325 12.0 81.0 52.0
7860.008366584445 1.0 100.0 1456.3048092063 114.69395195124754 0.0 0.0 0.0 0.0 16735.49091401465 1673549.0914014645 6091.194724761644 609119.4724761642 75177.0 75177.0 6106.856498946564 610685.6498946567 1529.0082816268136 9965.542573076578 2534.469160803878 2534.469160803878 2.3248766879637226 232.48766879637228 0.2211782037210014 22.117820372100137 22.48263111111133 12.0 81.0 53.0
7920.008366584445 1.0 100.0 1444.7569814468043 113.57852134283962 0.0 0.0 0.0 0.0 16834.640914014646 1683464.0914014645 6139.514724761644 613951.4724761642 78430.0 78430.0 6161.9793923028 616197.9392302801 1529.0082816268136 10048.821014010782 2632.990140408329 2632.990140408329 2.243629937020639 224.36299370206385 0.2229885787337455 22.29885787337455 23.203413333333557 12.0 81.0 55.00000000000001
7980.008366584445 1.0 100.0 1433.4359756393853 112.45920226373543 0.0 0.0 0.0 0.0 16932.550914014646 1693255.0914014645 6188.114724761644 618811.4724761642 81779.0 81779.0 6217.360375410005 621736.0375410009 1529.0082816268136 10132.766754135422 2687.5205764796715 2687.5205764796715 2.227826058346213 222.78260583462125 0.22230445496050238 22.230445496050233 23.969991111111312 13.0 81.0 56.00000000000001
8040.008366584445 1.0 100.0 1422.0529369582243 111.37010463721722 0.0 0.0 0.0 0.0 17031.590914014647 1703159.0914014645 6235.184724761644 623518.4724761642 85168.0 85168.0 6273.321646167896 627332.16461679 1529.0082816268136 10218.394317474018 2736.830908977295 2736.830908977295 2.309745657472496 230.97456574724964 0.2102175023321883 21.02175023321883 24.746524444444617 13.0 76.0 56.99999999999999
8100.008366584445 1.0 100.0 1410.6109627655808 110.30995299143912 0.0 0.0 0.0 0.0 17131.520914014647 1713152.0914014645 6280.934724761644 628093.4724761642 88600.0 88600.0 6326.887913368044 632688.7913368046 1529.0082816268136 10301.671400096466 2769.776334218442 2769.776334218442 2.207567841946348 220.75678419463478 0.21047514131470488 21.04751413147049 25.52305777777792 13.0 77.0 57.99999999999999
8160.008366584445 1.0 100.0 1399.349728634678 109.27461184829491 0.0 0.0 0.0 0.0 17231.230914014646 1723123.0914014645 6325.504724761644 632550.4724761642 92172.0 92172.0 6379.678103921273 637967.8103921276 1529.0082816268136 10385.320996415981 2878.653292292252 2878.653292292252 2.2470791286103657 224.7079128610365 0.20372997876245613 20.37299787624561 26.343395555555645 14.0 75.0 60.0
8220.008366584445 1.0 100.0 1388.2690856545871 108.24551898220645 0.0 0.0 0.0 0.0 17330.42091401465 1733042.0914014645 6369.884724761644 636988.4724761642 95815.00000000006 95815.00000000006 6432.451468814954 643245.1468814955 1529.0082816268136 10467.085714687515 2968.948076789881 2968.948076789881 2.199327152576026 219.9327152576027 0.19828798249593757 19.828798249593753 27.179662222222262 14.0 71.0 62.0
8280.008366584445 1.0 100.0 1377.159316470661 107.24692265683768 0.0 0.0 0.0 0.0 17430.470914014648 1743047.0914014645 6412.634724761644 641263.4724761642 99535.00000000006 99535.00000000006 6483.954664133769 648395.4664133772 1529.0082816268136 10548.946398069977 2974.9604194576777 2974.9604194576777 2.2193745414435018 221.93745414435006 0.1941034395603554 19.410343956035536 28.015928888888865 14.0 70.0 62.0
8340.008366584445 1.0 100.0 1366.102845033429 106.28157972870761 0.0 0.0 0.0 0.0 17531.08091401465 1753108.0914014645 6453.844724761644 645384.4724761642 103352.00000000006 103352.00000000006 6535.623553972141 653562.3553972141 1529.0082816268136 10635.415545850658 3118.80649088551 3118.80649088551 2.155265157386103 215.5265157386102 0.19108494601908094 19.10849460190808 28.869119999999903 15.0 69.0 65.0
8400.008366584445 1.0 100.0 1355.1831613764386 105.32727167770159 0.0 0.0 0.0 0.0 17631.380914014648 1763138.0914014645 6494.544724761644 649454.4724761642 107252.00000000006 107252.00000000006 6586.306676083032 658630.6676083036 1529.0082816268136 10721.751385181044 3113.6102570497046 3113.6102570497046 2.1606217412671738 216.0621741267174 0.18830983155467532 18.830983155467536 29.765119999999804 15.0 67.0 65.0
8460.008366584445 1.0 100.0 1344.486634290726 104.39140115169677 0.0 0.0 0.0 0.0 17730.970914014648 1773097.0914014645 6534.304724761644 653430.4724761642 111317.00000000006 111317.00000000006 6637.512330425491 663751.2330425491 1529.0082816268136 10807.132233352411 3347.4586144109776 3347.4586144109776 2.091305915378759 209.130591537876 0.17880954348832898 17.880954348832898 30.68401777777755 16.0 64.0 70.0
8520.008366584445 1.0 100.0 1334.0173678171354 103.50055864900702 0.0 0.0 0.0 0.0 17830.750914014647 1783075.0914014645 6571.884724761644 657188.4724761643 115580.00000000006 115580.00000000006 6692.591775734161 669259.1775734164 1529.0082816268136 10890.890091196616 3487.4344871784187 3487.4344871784187 2.0432761765016596 204.32761765016608 0.1718884526066734 17.18884526066735 31.639751111110964 16.0 60.0 73.0
8580.008366584445 1.0 100.0 1323.6118616288786 102.65257550176571 0.0 0.0 0.0 0.0 17931.290914014648 1793129.0914014645 6607.544724761644 660754.4724761643 119960.00000000006 119960.00000000006 6748.739750729343 674873.9750729344 1529.0082816268136 10973.539759062793 3494.049843913694 3494.049843913694 2.033343616756347 203.33436167563465 0.168246544200901 16.824654420090102 32.595484444444246 16.0 60.0 73.0
8640.008366584445 1.0 100.0 1313.2473858944868 101.81034503569462 0.0 0.0 0.0 0.0 18031.750914014647 1803175.0914014645 6642.844724761644 664284.4724761643 124384.00000000006 124384.00000000006 6805.711517352063 680571.1517352061 1529.0082816268136 11057.29381425704 3546.848485917085 3546.848485917085 2.049394670073052 204.93946700730527 0.163152757344237 16.315275734423704 33.595022222221864 17.0 56.99999999999999 74.0
8700.008366584445 1.0 100.0 1303.1068447466273 100.97689494279625 0.0 0.0 0.0 0.0 18131.470914014648 1813147.0914014645 6677.784724761644 667778.4724761642 128918.00000000006 128918.00000000006 6865.786369269686 686578.6369269682 1601.9468319395776 11139.724507287188 3630.4635811242338 3630.4635811242338 1.9830648000237077 198.30648000237073 0.16200329212398393 16.20032921239839 34.61048888888836 17.0 56.99999999999999 76.0
8760.008366584445 1.0 100.0 1292.8532494344665 100.18223468113548 0.0 0.0 0.0 0.0 18232.800914014646 1823280.0914014645 6710.854724761643 671085.4724761642 133478.00000000006 133478.00000000006 6924.260101760735 692426.0101760734 1680.8316341341476 11222.077507577505 3630.6338376216613 3630.6338376216613 2.047293207328431 204.72932073284306 0.15023369507719278 15.023369507719282 35.62595555555486 17.0 54.0 76.0
8820.008366584445 1.0 100.0 1283.041812041757 99.35622648109457 0.0 0.0 0.0 0.0 18331.08091401465 1833108.0914014645 6745.474724761644 674547.4724761642 138188.00000000006 138188.00000000006 6981.411911146032 698141.1911146031 1680.8316341341476 11304.010859423825 3770.852877156252 3770.852877156252 1.9525972491214345 195.25972491214347 0.1633029738645383 16.330297386453825 36.67825777777689 18.0 56.99999999999999 79.0
8880.008366584445 1.0 100.0 1273.362813371933 98.53993511327366 0.0 0.0 0.0 0.0 18429.17091401465 1842917.0914014645 6779.544724761644 677954.4724761642 142972.00000000006 142972.00000000006 7035.890382537433 703589.0382537433 1680.8316341341476 11387.930021389779 3828.313896357161 3828.313896357161 1.9017348623937826 190.17348623937826 0.1584828328701192 15.848283287011924 37.75345777777669 18.0 56.00000000000001 80.0
8940.008366584445 1.0 100.0 1263.6389557067012 97.74204555799277 0.0 0.0 0.0 0.0 18527.880914014648 1852788.0914014645 6812.834724761644 681283.4724761642 147772.00000000006 147772.00000000006 7091.97876998713 709197.876998713 1680.8316341341476 11473.48160938333 3829.3219143413307 3829.3219143413307 1.937796030237263 193.7796030237263 0.16014578144003047 16.01457814400305 38.828657777776485 18.0 56.00000000000001 80.0
9000.008366584445 1.0 100.0 1253.8999920708857 96.94429592518138 0.0 0.0 0.0 0.0 18626.67091401465 1862667.0914014645 6846.044724761644 684604.4724761642 152572.00000000006 152572.00000000006 7148.552415449538 714855.2415449535 1680.8316341341476 11555.649942040634 3831.7155371909903 3831.7155371909903 1.9262558023425773 192.62558023425765 0.1554788229217165 15.547882292171655 39.90385777777628 18.0 55.00000000000001 80.0
9060.008366584445 1.0 100.0 1243.981408351095 96.18411226380182 0.0 0.0 0.0 0.0 18727.250914014647 1872725.0914014645 6877.464724761644 687746.4724761642 157372.00000000006 157372.00000000006 7203.9690696459475 720396.9069645948 1680.8316341341476 11635.710402321705 3822.0005264859287 3822.0005264859287 2.010212618311702 201.0212618311701 0.14457714706474636 14.45771470647464 40.97905777777608 18.0 50.0 80.0
9120.008366584445 1.0 100.0 1234.0453448839253 95.45239732969144 0.0 0.0 0.0 0.0 18828.520914014647 1882852.0914014645 6907.594724761644 690759.4724761642 162232.00000000006 162232.00000000006 7256.683378882712 725668.337888271 1680.8316341341476 11715.770862602776 3921.335351469834 3921.335351469834 1.939003710076576 193.9003710076576 0.14579874271426088 14.579874271426092 42.054257777775874 18.0 51.0 82.0
9180.008366584445 1.0 100.0 1224.3662679329766 94.69902403897873 0.0 0.0 0.0 0.0 18928.180914014647 1892818.0914014645 6938.7347247616435 693873.4724761642 167152.00000000006 167152.00000000006 7307.621044429249 730762.1044429244 1680.8316341341476 11795.89761196961 3924.458030182383 3924.458030182383 1.9054120172458144 190.5412017245815 0.14951781455585883 14.95178145558588 43.12945777777567 18.0 52.0 82.0
9240.008366584445 1.0 100.0 1214.6696463465935 93.95421792843064 0.0 0.0 0.0 0.0 19028.200914014647 1902820.0914014645 6969.384724761644 696938.4724761642 172085.00000000006 172085.00000000006 7358.016080062085 735801.6080062082 1680.8316341341476 11875.9628393728 3968.303886070133 3968.303886070133 1.9303832207378628 193.0383220737863 0.14498337423320007 14.498337423320002 44.21759999999777 19.0 50.0 83.0
9300.008366584445 1.0 100.0 1205.0532512891393 93.21707886780845 0.0 0.0 0.0 0.0 19128.010914014645 1912801.0914014645 6999.7747247616435 699977.4724761642 177065.00000000006 177065.00000000006 7408.82032408621 740882.0324086209 1680.8316341341476 11956.113874190558 3969.8609275995814 3969.8609275995814 1.883202338853404 188.32023388534043 0.1525609052826736 15.256090528267364 45.352533333331294 19.0 53.0 83.0
9360.008366584445 1.0 100.0 1195.663450147594 92.45029407217208 0.0 0.0 0.0 0.0 19225.940914014645 1922594.0914014645 7031.544724761644 703154.4724761642 182095.00000000006 182095.00000000006 7458.235508143826 745823.5508143826 1680.8316341341476 12037.356312016065 4024.0438648160393 4024.0438648160393 1.8200281191779226 182.00281191779217 0.15362146554881767 15.362146554881772 46.487466666664815 19.0 52.0 84.0
9420.008366584445 1.0 100.0 1186.3142019155378 91.69366580468039 0.0 0.0 0.0 0.0 19323.930914014647 1932393.0914014645 7062.834724761644 706283.4724761642 187166.00000000006 187166.00000000006 7503.860195996661 750386.0195996658 1754.0277143077083 12120.658174661354 4062.276677357718 4062.276677357718 1.8246106909615223 182.4610690961523 0.14813655056594863 14.81365505659487 47.622399999998336 19.0 52.0 85.0
9480.008366584445 1.0 100.0 1177.0278234465336 90.94255300078666 0.0 0.0 0.0 0.0 19421.890914014646 1942189.0914014645 7093.874724761644 709387.4724761642 192266.00000000006 192266.00000000006 7548.708470544368 754870.8470544366 1832.9744522655092 12207.443151354742 4070.1547793808 4070.1547793808 1.8544368890699956 185.44368890699963 0.14836501377184383 14.836501377184389 48.75733333333186 19.0 51.0 85.0
9540.008366584445 1.0 100.0 1167.7550492246316 90.19014236151499 0.0 0.0 0.0 0.0 19519.650914014648 1951965.0914014645 7125.004724761644 712500.4724761642 197377.00000000006 197377.00000000006 7595.338187476412 759533.8187476408 1832.9744522655092 12294.210524572785 4110.260719437925 4110.260719437925 1.7923152020917499 179.23152020917507 0.1482895038551869 14.828950385518691 49.89226666666538 19.0 52.0 86.0
9600.008366584445 1.0 100.0 1158.737560521534 89.42696127252833 0.0 0.0 0.0 0.0 19616.08091401465 1961608.0914014645 7156.654724761644 715665.4724761642 202569.00000000006 202569.00000000006 7643.757939034907 764375.7939034908 1832.9744522655092 12378.142971091998 4156.269583240017 4156.269583240017 1.7686171350843016 176.8617135084302 0.15337934864398214 15.33793486439821 51.0271999999989 19.0 54.0 87.0
9660.008366584445 1.0 100.0 1149.9535059258415 88.64905023381414 0.0 0.0 0.0 0.0 19711.000914014647 1971100.0914014645 7188.994724761644 718899.4724761642 207843.00000000006 207843.00000000006 7693.380443744993 769338.0443744995 1832.9744522655092 12461.69414026695 4201.2846124071275 4201.2846124071275 1.7141590888174965 171.4159088817497 0.15590076334789543 15.590076334789543 52.21589333333239 20.0 55.00000000000001 88.0
9720.008366584445 1.0 100.0 1141.1853613874848 87.87201339608679 0.0 0.0 0.0 0.0 19805.960914014646 1980596.0914014645 7221.2347247616435 722123.4724761642 213123.00000000006 213123.00000000006 7742.821607135415 774282.1607135414 1832.9744522655092 12545.436270310953 4206.86944235139 4206.86944235139 1.6992379680061338 169.92379680061336 0.15412060209121115 15.412060209121112 53.41055999999921 20.0 54.0 88.0
9780.008366584445 1.0 100.0 1132.6072357197943 87.0845935892674 0.0 0.0 0.0 0.0 19899.790914014648 1989979.091401465 7254.034724761644 725403.4724761642 218460.00000000006 218460.00000000006 7792.2452425990605 779224.5242599061 1867.324319645917 12628.069224057352 4264.250539751794 4264.250539751794 1.697536282532807 169.75362825328074 0.16156503668372155 16.156503668372153 54.60522666666603 20.0 56.00000000000001 89.0
9840.008366584445 1.0 100.0 1124.0699344425052 86.28716974315174 0.0 0.0 0.0 0.0 19993.120914014646 1999312.091401465 7287.304724761644 728730.4724761642 223800.00000000006 223800.00000000006 7842.177614710765 784217.7614710763 1949.1407688115382 12711.27019232194 4255.768418310238 4255.768418310238 1.7171668735013843 171.7166873501384 0.15529703298438519 15.529703298438516 55.79989333333285 20.0 54.0 89.0
9900.008366584445 1.0 100.0 1115.4413381768984 85.52655552808622 0.0 0.0 0.0 0.0 20087.83091401465 2008783.091401465 7318.754724761644 731875.4724761642 229184.00000000006 229184.00000000006 7891.973973082703 789197.3973082706 1984.7978047728432 12795.397381236511 4301.533852799343 4301.533852799343 1.713474628386152 171.34746283861517 0.14890748041367907 14.890748041367903 56.994559999999666 20.0 52.0 90.0
9960.008366584445 1.0 100.0 1106.9219295340386 84.7629531713297 0.0 0.0 0.0 0.0 20181.950914014647 2018195.091401465 7350.374724761644 735037.4724761642 234610.00000000006 234610.00000000006 7941.7901304421 794179.0130442103 2055.1384670212756 12878.781153374783 4347.1484390382775 4347.1484390382775 1.6802019784649396 168.020197846494 0.1506784948444686 15.067849484446866 58.189226666666485 20.0 53.0 91.0
10020.008366584445 1.0 100.0 1098.6673441682647 83.95977672760519 0.0 0.0 0.0 0.0 20273.83091401465 2027383.091401465 7383.894724761644 738389.4724761642 240070.00000000006 240070.00000000006 7992.656329884184 799265.6329884183 2136.9406229042056 12961.932662805079 4350.468029217471 4350.468029217471 1.6666507977036344 166.6650797703635 0.15865656764195146 15.865656764195146 59.383893333333305 20.0 56.00000000000001 91.0
10080.008366584445 1.0 100.0 1090.3220863140803 83.17675244440466 0.0 0.0 0.0 0.0 20366.600914014645 2036660.091401465 7416.474724761643 741647.4724761642 245535.00000000006 245535.00000000006 8043.502711591126 804350.271159113 2136.9406229042056 13045.69120295214 4445.796586545146 4445.796586545146 1.5749777346373477 157.49777346373486 0.15378618630221644 15.378618630221645 60.58154666666679 21.0 54.0 93.0
10140.008366584445 1.0 100.0 1082.2007540705922 82.40460602153617 0.0 0.0 0.0 0.0 20458.800914014646 2045880.091401465 7448.474724761643 744847.4724761642 251115.00000000006 251115.00000000006 8096.472935916528 809647.2935916528 2136.9406229042056 13129.691987377784 4448.902948632148 4448.902948632148 1.651298196556764 165.12981965567647 0.14483847415899598 14.483847415899602 61.835946666666906 21.0 51.0 93.0
10200.008366584445 1.0 100.0 1074.004510351293 81.64758038056091 0.0 0.0 0.0 0.0 20551.640914014646 2055164.091401465 7479.794724761644 747979.4724761642 256699.00000000006 256699.00000000006 8152.055485831763 815205.5485831761 2136.9406229042056 13212.563985718996 4489.162162172171 4489.162162172171 1.6162890320367116 161.62890320367114 0.1535160925002055 15.351609250020555 63.090346666667024 21.0 53.0 94.0
10260.008366584445 1.0 100.0 1065.9351499505854 80.8894889642908 0.0 0.0 0.0 0.0 20643.900914014648 2064390.091401465 7511.134724761644 751113.4724761642 262339.00000000006 262339.00000000006 8211.177366973276 821117.7366973278 2136.9406229042056 13296.7299405843 4490.0128309913935 4490.0128309913935 1.5985324153720584 159.85324153720578 0.1450410813745241 14.504108137452414 64.34474666666702 21.0 50.0 94.0
10320.008366584445 1.0 100.0 1057.7335371074944 80.16174397265384 0.0 0.0 0.0 0.0 20737.540914014648 2073754.091401465 7541.044724761644 754104.4724761642 267984.00000000006 267984.00000000006 8270.117674026338 827011.7674026337 2182.431656320444 13379.781705076333 4544.991928695488 4544.991928695488 1.583823954180254 158.3823954180253 0.14582247597202866 14.582247597202864 65.59914666666671 21.0 51.0 95.0
10380.008366584445 1.0 100.0 1049.8338395468954 79.39637851780985 0.0 0.0 0.0 0.0 20828.860914014647 2082886.091401465 7572.724724761643 757272.4724761642 273684.00000000006 273684.00000000006 8328.548425962896 832854.8425962897 2264.03976436348 13462.558572171805 4547.946141104147 4547.946141104147 1.5749483274247464 157.49483274247464 0.14798421503974987 14.79842150397499 66.8535466666664 21.0 52.0 95.0
10440.008366584445 1.0 100.0 1041.8228950907087 78.65151628421759 0.0 0.0 0.0 0.0 20921.140914014646 2092114.091401465 7603.444724761644 760344.4724761642 279384.00000000006 279384.00000000006 8387.646167366032 838764.6167366032 2288.76397541154 13544.596274738293 4547.129457543198 4547.129457543198 1.606489154303514 160.6489154303515 0.1468538344360579 14.6853834436058 68.1079466666661 21.0 50.0 95.0
10500.008366584445 1.0 100.0 1033.64750410514 77.94394280097073 0.0 0.0 0.0 0.0 21015.150914014648 2101515.091401465 7632.434724761644 763243.4724761645 285084.00000000006 285084.00000000006 8444.052259154267 844405.2259154269 2288.76397541154 13627.314768391272 4538.356512761118 4538.356512761118 1.644992388997587 164.49923889975875 0.13611470255676147 13.611470255676153 69.36234666666579 21.0 47.0 95.0
10560.008366584445 1.0 100.0 1025.2200997607893 77.29501418757461 0.0 0.0 0.0 0.0 21111.760914014645 2111176.091401465 7658.554724761644 765855.4724761645 290810.00000000006 290810.00000000006 8498.504067846032 849850.4067846026 2288.76397541154 13709.557914987257 4590.785591473008 4590.785591473008 1.7017914664910652 170.17914664910646 0.12352382846580769 12.352382846580769 70.61674666666548 21.0 42.0 96.0
10620.008366584445 1.0 100.0 1016.7723342133243 76.667741874484 0.0 0.0 0.0 0.0 21208.980914014646 2120898.091401465 7683.7347247616435 768373.4724761645 296570.00000000006 296570.00000000006 8550.518629824855 855051.8629824852 2288.76397541154 13793.798795772482 4588.493612380408 4588.493612380408 1.7034522472315397 170.34522472315393 0.12251602753088882 12.251602753088884 71.87114666666517 21.0 41.0 96.0
10680.008366584445 1.0 100.0 1008.3526407040418 76.03349302977877 0.0 0.0 0.0 0.0 21305.890914014646 2130589.091401465 7709.224724761644 770922.4724761645 302330.00000000006 302330.00000000006 8598.953004036364 859895.3004036361 2288.76397541154 13877.035092449101 4584.4683811580435 4584.4683811580435 1.672536743635152 167.25367436351516 0.12742254961646918 12.742254961646918 73.12554666666486 21.0 43.0 96.0
10740.008366584445 1.0 100.0 999.8676607306489 75.4120712315705 0.0 0.0 0.0 0.0 21403.430914014647 2140343.091401465 7734.084724761644 773408.4724761645 308090.00000000006 308090.00000000006 8645.033521809792 864503.3521809787 2314.9176207433993 13958.7305816519 4585.451594370521 4585.451594370521 1.7233974922153545 172.33974922153544 0.11597282026326458 11.597282026326452 74.37994666666455 21.0 39.0 96.0
10800.008366584445 1.0 100.0 991.2526208434983 74.81752718895001 0.0 0.0 0.0 0.0 21502.190914014645 2150219.091401465 7757.724724761643 775772.4724761642 313850.00000000006 313850.00000000006 8693.928349623437 869392.8349623438 2401.998078969657 14039.631348801038 4589.310421976035 4589.310421976035 1.7129933704859786 171.2993370485979 0.12176293686223949 12.17629368622395 75.63434666666424 21.0 41.0 96.0
10860.008366584445 1.0 100.0 982.6770308758096 74.2130509109231 0.0 0.0 0.0 0.0 21600.58091401465 2160058.091401465 7781.7347247616435 778173.4724761642 319610.00000000006 319610.00000000006 8744.560439425435 874456.0439425433 2440.9067935429002 14121.353654669412 4588.810902601865 4588.810902601865 1.699849525536633 169.98495255366322 0.12129134109002783 12.129134109002786 76.88874666666393 21.0 40.0 96.0
10920.008366584445 1.0 100.0 974.1224746643272 73.6111615148923 0.0 0.0 0.0 0.0 21698.770914014647 2169877.091401465 7805.664724761644 780566.4724761642 325398.00000000006 325398.00000000006 8793.567320545912 879356.7320545908 2440.9067935429002 14203.66330359329 4636.452018214781 4636.452018214781 1.696102907648678 169.61029076486776 0.1176531090460518 11.765310904605172 78.17102222221936 22.0 40.0 97.0
10980.008366584445 1.0 100.0 965.6543555082885 73.01464283883722 0.0 0.0 0.0 0.0 21796.880914014648 2179688.091401465 7829.354724761643 782935.4724761642 331218.00000000006 331218.00000000006 8840.473259452468 884047.3259452466 2440.9067935429002 14285.331167833858 4647.225395321867 4647.225395321867 1.646823055172513 164.6823055172512 0.11792764106406556 11.79276410640656 79.48515555555278 22.0 40.0 97.0
11040.008366584445 1.0 100.0 957.2275182267186 72.40665152297362 0.0 0.0 0.0 0.0 21894.500914014647 2189450.091401465 7853.534724761644 785353.4724761642 337038.00000000006 337038.00000000006 8889.707387424003 888970.7387424 2440.9067935429002 14366.998949637293 4639.621234474495 4639.621234474495 1.7475220671039913 174.75220671039915 0.11270923482122833 11.270923482122829 80.7992888888862 22.0 37.0 97.0
11100.008366584445 1.0 100.0 948.6448563860454 71.83248225058239 0.0 0.0 0.0 0.0 21993.660914014647 2199366.091401465 7876.174724761644 787617.4724761642 342858.00000000006 342858.00000000006 8940.247769529333 894024.7769529333 2483.543288585353 14448.842905015066 4647.433911046985 4647.433911046985 1.7117547059746376 171.17547059746377 0.1147868348650945 11.478683486509446 82.11342222221961 22.0 38.0 97.0
11160.008366584445 1.0 100.0 940.0839335123042 71.2521564173767 0.0 0.0 0.0 0.0 22092.500914014647 2209250.091401465 7899.134724761644 789913.4724761642 348678.00000000006 348678.00000000006 8989.690723987065 898969.0723987065 2567.947176667379 14533.51935414209 4646.871588093045 4646.871588093045 1.6649985860546572 166.49985860546573 0.12033740317533345 12.033740317533342 83.42755555555303 22.0 40.0 97.0
11220.008366584445 1.0 100.0 931.6054970692077 70.6541672268483 0.0 0.0 0.0 0.0 22190.520914014647 2219052.091401465 7922.914724761644 792291.4724761642 354498.00000000006 354498.00000000006 9037.559499167266 903755.9499167264 2653.7804628924027 14614.628297179655 4640.413383167324 4640.413383167324 1.6960451951555509 169.60451951555495 0.11532104821257692 11.532104821257695 84.74168888888644 22.0 38.0 97.0
11280.008366584445 1.0 100.0 923.0272089238995 70.07951218379431 0.0 0.0 0.0 0.0 22289.640914014646 2228964.091401465 7945.594724761644 794559.4724761642 360318.00000000006 360318.00000000006 9084.837098808104 908483.7098808101 2734.611236721067 14695.940614177753 4642.239300564842 4642.239300564842 1.7231982387224334 172.31982387224335 0.11330872471243911 11.330872471243907 86.05582222221986 22.0 38.0 97.0
11340.008366584445 1.0 100.0 914.5008180006099 69.49124104641575 0.0 0.0 0.0 0.0 22388.120914014646 2238812.0914014652 7968.914724761644 796891.4724761642 366138.00000000006 366138.00000000006 9132.361696440625 913236.169644062 2818.737416713134 14782.637455787735 4645.499992532253 4645.499992532253 1.6662220192866541 166.6222019286654 0.11824020915043439 11.824020915043434 87.36995555555328 22.0 40.0 97.0
11400.008366584445 1.0 100.0 906.0192376969729 68.89739829079865 0.0 0.0 0.0 0.0 22486.340914014647 2248634.0914014652 7992.494724761644 799249.4724761642 371958.00000000006 371958.00000000006 9177.325171098477 917732.5171098472 2904.28884154173 14869.103694363623 4644.298136487014 4644.298136487014 1.6963877005169614 169.63877005169613 0.11445195843936973 11.44519584393697 88.68408888888669 22.0 39.0 97.0
11460.008366584445 1.0 100.0 897.4664600181375 68.31525396143188 0.0 0.0 0.0 0.0 22585.140914014646 2258514.0914014652 8015.494724761644 801549.4724761642 377778.00000000006 377778.00000000006 9225.497359559355 922549.7359559345 2991.4167309123477 14955.565724863553 4647.212799722541 4647.212799722541 1.7129465735050784 171.29465735050778 0.11262305017363244 11.262305017363241 89.99822222222011 22.0 38.0 97.0
11520.008366584445 1.0 100.0 888.8675027476838 67.74086347206249 0.0 0.0 0.0 0.0 22684.310914014648 2268431.0914014652 8038.124724761644 803812.4724761642 383598.00000000006 383598.00000000006 9271.347079760602 927134.7079760598 3077.9596351657233 14982.37426725341 4630.176248868225 4630.176248868225 1.6993942275529896 169.93942275529915 0.11614395031829756 11.614395031829755 91.31235555555352 22.0 39.0 97.0
11580.008366584445 1.0 100.0 880.3159148947722 67.15635112294488 0.0 0.0 0.0 0.0 22783.000914014647 2278300.0914014652 8061.2347247616435 806123.4724761642 389418.00000000006 389418.00000000006 9313.979808887369 931397.9808887366 3164.0762134683996 14982.37426725341 4643.9328825823695 4643.9328825823695 1.6476778659385478 164.76778659385477 0.12098494827728891 12.098494827728892 92.62648888888694 22.0 40.0 97.0
11640.008366584445 1.0 100.0 871.8850934170031 66.55194239689109 0.0 0.0 0.0 0.0 22880.680914014647 2288068.0914014652 8085.354724761643 808535.4724761642 395238.00000000006 395238.00000000006 9356.803610189801 935680.3610189798 3249.811244194056 14982.37426725341 4637.446600324147 4637.446600324147 1.6821653368705882 168.21653368705879 0.12048392954334321 12.048392954334323 93.94062222222036 22.0 40.0 97.0
11700.008366584445 1.0 100.0 863.5534414809821 65.92471348293803 0.0 0.0 0.0 0.0 22977.370914014646 2297737.0914014652 8110.464724761644 811046.4724761642 401058.00000000006 401058.00000000006 9400.594172211597 940059.4172211596 3331.152201631729 14982.37426725341 4629.581761155506 4629.581761155506 1.6936908796270957 169.36908796270967 0.12391905158508829 12.391905158508827 95.25475555555377 22.0 42.0 97.0
11760.008366584445 1.0 100.0 855.2819858302296 65.28581977635017 0.0 0.0 0.0 0.0 23073.480914014646 2307348.091401465 8136.154724761644 813615.4724761642 406878.00000000006 406878.00000000006 9445.12070080921 944512.0700809208 3415.580039841894 14982.37426725341 4633.273622118168 4633.273622118168 1.6094060996522683 160.94060996522686 0.13156804180148365 13.156804180148361 96.56888888888719 22.0 45.0 97.0
11820.008366584445 1.0 100.0 847.1838402478572 64.61337655692961 0.0 0.0 0.0 0.0 23168.040914014648 2316804.091401465 8163.394724761644 816339.4724761642 412698.00000000006 412698.00000000006 9488.931239560206 948893.1239560206 3500.52254933203 14982.37426725341 4637.831658788278 4637.831658788278 1.6135530185775462 161.3553018577546 0.13145517392994255 13.145517392994254 97.8830222222206 22.0 45.0 97.0
11880.008366584445 1.0 100.0 838.9939842884044 63.95720431465949 0.0 0.0 0.0 0.0 23263.310914014648 2326331.0914014652 8189.924724761644 818992.4724761642 418518.00000000006 418518.00000000006 9534.332238958441 953433.223895844 3582.8682213430016 14982.37426725341 4641.517420561417 4641.517420561417 1.6418383958062743 164.18383958062742 0.13064518584533494 13.064518584533493 99.19715555555402 22.0 44.0 97.0
11940.008366584445 1.0 100.0 830.5577442706145 63.35430697604332 0.0 0.0 0.0 0.0 23361.140914014646 2336114.0914014652 8213.894724761643 821389.4724761642 424338.00000000006 424338.00000000006 9577.541486151418 957754.1486151414 3667.334123658617 14982.37426725341 4637.258445509696 4637.258445509696 1.641911077576417 164.19110775764173 0.11904418154279682 11.904418154279682 100.51128888888744 22.0 40.0 97.0
12000.008366584445 1.0 100.0 822.1646511565763 62.73725808174348 0.0 0.0 0.0 0.0 23458.270914014647 2345827.0914014652 8238.564724761643 823856.4724761642 430158.00000000006 430158.00000000006 9620.104870453168 962010.4870453163 3749.9673536231758 14982.37426725341 4641.215210052563 4641.215210052563 1.6018710288904876 160.1871028890487 0.1301861491746581 13.018614917465808 101.82542222222085 22.0 44.0 97.0
12060.008366584445 1.0 100.0 813.968010307318 62.082913481979105 0.0 0.0 0.0 0.0 23553.630914014648 2355363.0914014652 8265.004724761644 826500.4724761642 435978.00000000006 435978.00000000006 9661.154275149665 966115.4275149665 3832.29349999851 14982.37426725341 4634.666632979616 4634.666632979616 1.6572263698853529 165.72263698853533 0.12619497068297147 12.61949706829715 103.13955555555427 22.0 43.0 97.0
12120.008366584445 1.0 100.0 805.7108610018004 61.44294904652549 0.0 0.0 0.0 0.0 23649.600914014645 2364960.091401465 8290.774724761644 829077.4724761642 441804.00000000006 441804.00000000006 9702.679901369778 970267.9901369773 3914.65967723796 14982.37426725341 4685.090917480496 4685.090917480496 1.611503010913536 161.15030109135364 0.1268655114104271 12.686551141042711 104.45368888888768 22.0 43.0 98.0
12180.008366584445 1.0 100.0 797.5200150647677 60.81446250645007 0.0 0.0 0.0 0.0 23745.570914014646 2374557.091401465 8316.004724761644 831600.4724761642 447684.00000000006 447684.00000000006 9745.461485664093 974546.1485664089 3999.021145152049 14982.37426725341 4689.546347714852 4689.546347714852 1.6269382502618905 162.69382502618905 0.12346127172697341 12.346127172697337 105.7678222222211 22.0 42.0 98.0
12240.008366584445 1.0 100.0 789.3788610458 60.17553978812299 0.0 0.0 0.0 0.0 23841.08091401465 2384108.0914014643 8341.694724761644 834169.4724761642 453564.00000000006 453564.00000000006 9788.015202981867 978801.5202981865 4082.8458874280504 14990.113539593418 4679.063676005855 4679.063676005855 1.5873768532901606 158.73768532901613 0.12873605623832202 12.873605623832198 107.08195555555452 22.0 44.0 98.0
12300.008366584445 1.0 100.0 781.1965377764153 59.54175106733335 0.0 0.0 0.0 0.0 23936.860914014647 2393686.0914014643 8367.114724761645 836711.4724761642 459444.00000000006 459444.00000000006 9829.849844105136 982984.9844105133 4167.70995132079 15075.48303510093 4678.204315082403 4678.204315082403 1.6234386146662496 162.34386146662487 0.12128325439676149 12.128325439676155 108.39608888888793 22.0 41.0 98.0
12360.008366584445 1.0 100.0 773.1356654867542 58.886782529965885 0.0 0.0 0.0 0.0 24031.58091401465 2403158.0914014643 8393.594724761644 839359.4724761642 465324.00000000006 465324.00000000006 9869.307998375409 986930.7998375411 4253.4456128796355 15162.052112847969 4693.785527711839 4693.785527711839 1.5794156810244615 157.9415681024462 0.13516225438459264 13.516225438459267 109.71022222222135 22.0 45.0 98.0
12420.008366584445 1.0 100.0 765.1412669374964 58.21566226081428 0.0 0.0 0.0 0.0 24125.570914014646 2412557.0914014643 8420.804724761643 842080.4724761642 471204.00000000006 471204.00000000006 9909.094835145159 990909.4835145157 4335.48632455339 15248.504377497262 4694.853555291294 4694.853555291294 1.5826372834716103 158.26372834716105 0.13329504928834848 13.329504928834846 111.02435555555476 22.0 45.0 98.0
12480.008366584445 1.0 100.0 757.1186461031841 57.55678641544661 0.0 0.0 0.0 0.0 24220.070914014646 2422007.0914014643 8447.504724761644 844750.4724761642 477084.00000000006 477084.00000000006 9951.080769912374 995108.0769912376 4419.846185189919 15333.482378706285 4686.648680325349 4686.648680325349 1.6327247112935046 163.27247112935035 0.1251837792963755 12.518377929637547 112.33848888888818 22.0 43.0 98.0
12540.008366584445 1.0 100.0 748.8347016637503 56.947445708867726 0.0 0.0 0.0 0.0 24316.960914014646 2431696.0914014643 8471.814724761643 847181.4724761642 482964.00000000006 482964.00000000006 9993.722745984867 999372.2745984867 4504.998975136867 15417.014973518226 4683.960812194798 4683.960812194798 1.6411983912836823 164.11983912836823 0.11785717627812273 11.785717627812268 113.6526222222216 22.0 39.0 98.0
12600.008366584445 1.0 100.0 740.4072541363308 56.36777195555832 0.0 0.0 0.0 0.0 24415.24091401465 2441524.0914014643 8494.734724761644 849473.4724761642 488844.00000000006 488844.00000000006 10036.467502814408 1003646.750281441 4586.940782377103 15502.633665233423 4693.249306162767 4693.249306162767 1.6650364474357646 166.50364474357644 0.11708299026864465 11.708299026864465 114.96675555555501 22.0 39.0 98.0
12660.008366584445 1.0 100.0 732.0068264567818 55.77945675938234 0.0 0.0 0.0 0.0 24513.140914014646 2451314.091401465 8518.034724761645 851803.4724761642 494724.00000000006 494724.00000000006 10081.149398886719 1008114.9398886721 4669.0442054839 15587.228272638504 4693.5277597366 4693.5277597366 1.6572322589250676 165.72322589250678 0.11895728064346393 11.895728064346395 116.28088888888843 22.0 40.0 98.0
12720.008366584445 1.0 100.0 723.7090309493365 55.18788734510191 0.0 0.0 0.0 0.0 24610.640914014646 2461064.091401465 8541.414724761644 854141.4724761645 500635.00000000006 500635.00000000006 10122.86313654109 1012286.3136541094 4750.300524530471 15673.44697147051 4739.941616824106 4739.941616824106 1.6239670258257066 162.39670258257064 0.11346847515906565 11.346847515906562 117.59502222222184 22.0 38.0 99.0
12780.008366584445 1.0 100.0 715.2030202121076 54.652861073544535 0.0 0.0 0.0 0.0 24710.49091401465 2471049.091401465 8562.164724761644 856216.4724761645 506575.00000000006 506575.00000000006 10163.663195876525 1016366.3195876526 4831.955453302995 15760.676198133822 4726.379026010716 4726.379026010716 1.692447833700515 169.2447833700516 0.10321546012084595 10.3215460120846 118.90915555555526 22.0 33.0 99.0
12840.008366584445 1.0 100.0 706.6385164322788 54.13710233396395 0.0 0.0 0.0 0.0 24810.970914014648 2481097.091401465 8581.924724761644 858192.4724761645 512551.00000000006 512551.00000000006 10205.98355792534 1020598.355792534 4914.571320168274 15845.165709655907 4777.677433771096 4777.677433771096 1.6958333572582287 169.58333572582285 0.10247989449618548 10.247989449618549 120.22328888888867 22.0 33.0 100.0
12900.008366584445 1.0 100.0 698.0894710958269 53.62950216640286 0.0 0.0 0.0 0.0 24911.560914014648 2491156.091401465 8601.334724761644 860133.4724761645 518551.00000000006 518551.00000000006 10248.644916058585 1024864.4916058587 4996.487435973282 15932.233620080948 4785.308501121213 4785.308501121213 1.6942789798739295 169.42789798739298 0.09956060862386583 9.956060862386584 121.53742222222209 22.0 32.0 100.0
12960.008366584445 1.0 100.0 689.5051785146331 53.13182666669976 0.0 0.0 0.0 0.0 25012.600914014645 2501260.091401465 8620.294724761643 862029.4724761645 524551.0 524551.0 10291.995175388243 1029199.5175388245 5080.407702083024 16019.160703424232 4783.283336363554 4783.283336363554 1.7278346859130176 172.78346859130173 0.09876805381207672 9.876805381207676 122.8515555555555 22.0 31.0 100.0
13020.008366584445 1.0 100.0 680.9512167607414 52.62679535406157 0.0 0.0 0.0 0.0 25113.280914014646 2511328.0914014643 8639.614724761645 863961.4724761645 530551.0 530551.0 10334.314620519313 1033431.4620519319 5162.492001425565 16105.870015677907 4777.126974140867 4777.126974140867 1.7070810491885389 170.70810491885393 0.10307748090793187 10.307748090793194 124.16568888888892 22.0 33.0 100.0
13080.008366584445 1.0 100.0 672.3526118710308 52.13229655122465 0.0 0.0 0.0 0.0 25214.560914014648 2521456.0914014643 8658.334724761644 865833.4724761645 536551.0 536551.0 10379.432309270602 1037943.2309270605 5245.616657916456 16192.86144310971 4790.341627153234 4790.341627153234 1.7405146385952601 174.05146385952594 0.09446025557962924 9.446025557962924 125.47982222222234 22.0 28.999999999999996 100.0
13140.008366584445 1.0 100.0 663.7040182702316 51.64636963760386 0.0 0.0 0.0 0.0 25316.110914014647 2531611.0914014643 8676.784724761645 867678.4724761645 542551.0 542551.0 10425.094604667787 1042509.4604667791 5327.495482142432 16279.095558611167 4786.017562025513 4786.017562025513 1.6805526887324302 168.05526887324302 0.09493334807828364 9.493334807828363 126.79395555555575 22.0 31.0 100.0
13200.008366584445 1.0 100.0 655.1635641748608 51.14270742797475 0.0 0.0 0.0 0.0 25416.730914014646 2541673.0914014643 8696.164724761644 869616.4724761645 548551.0 548551.0 10472.23744858109 1047223.7448581092 5371.373229878493 16364.428111501786 4775.142857775642 4775.142857775642 1.6747486349663512 167.47486349663518 0.10606119086112044 10.606119086112036 128.10808888888917 22.0 35.0 100.0
13260.008366584445 1.0 100.0 646.6788902415356 50.628815955341274 0.0 0.0 0.0 0.0 25517.010914014645 2551701.0914014643 8715.884724761643 871588.4724761645 554551.0 554551.0 10520.217716121395 1052021.77161214 5371.373229878493 16450.640058575602 4777.0622427538065 4777.0622427538065 1.6805049627164175 168.05049627164178 0.09911773600087197 9.9117736000872 129.4222222222226 22.0 32.0 100.0
13320.008366584445 1.0 100.0 638.0965224058928 50.13119738668639 0.0 0.0 0.0 0.0 25617.99091401465 2561799.0914014643 8734.904724761644 873490.4724761645 560551.0 560551.0 10565.718137305237 1056571.813730524 5371.373229878493 16536.539368605136 4776.909545608596 4776.909545608596 1.7029984573496872 170.2998457349687 0.0994776691696887 9.947766916968876 130.736355555556 22.0 32.0 100.0
13380.008366584445 1.0 100.0 629.6558486578491 49.60603886314635 0.0 0.0 0.0 0.0 25717.710914014646 2571771.0914014643 8755.184724761644 875518.4724761645 566551.0 566551.0 10611.620086868734 1061162.0086868734 5371.373229878493 16618.5562180443 4789.820005856275 4789.820005856275 1.6786068922432131 167.86068922432128 0.10294907631833652 10.29490763183365 132.05048888888942 22.0 34.0 100.0
13440.008366584445 1.0 100.0 621.1701825929827 49.09225929582436 0.0 0.0 0.0 0.0 25817.900914014648 2581790.0914014643 8774.994724761644 877499.4724761642 572551.0 572551.0 10656.436595741538 1065643.6595741538 5371.373229878493 16700.826984040676 4788.194349118677 4788.194349118677 1.6870293877971618 168.7029387797162 0.10040978739670853 10.040978739670855 133.36462222222283 22.0 33.0 100.0
13500.008366584445 1.0 100.0 612.6181936710193 48.58795639547949 0.0 0.0 0.0 0.0 25918.660914014647 2591866.0914014643 8794.234724761644 879423.4724761642 578551.0 578551.0 10700.152368477029 1070015.2368477033 5371.373229878493 16783.934649773826 4774.544018931081 4774.544018931081 1.697070065743637 169.70700657436376 0.09760492873568798 9.760492873568799 134.67875555555625 22.0 31.0 100.0
13560.008366584445 1.0 100.0 604.0544615522198 48.09053354480802 0.0 0.0 0.0 0.0 26019.620914014646 2601962.0914014643 8813.274724761644 881327.4724761642 584551.0 584551.0 10742.270241470953 1074227.0241470956 5371.373229878493 16869.427664298906 4776.541408370464 4776.541408370464 1.6919032176888913 169.19032176888913 0.09994551863293945 9.99455186329395 135.99288888888967 22.0 32.0 100.0
13620.008366584445 1.0 100.0 595.6001805943393 47.56990235353887 0.0 0.0 0.0 0.0 26119.550914014646 2611955.0914014643 8833.344724761644 883334.4724761642 590551.0 590551.0 10787.09121074074 1078709.1210740746 5371.373229878493 16954.69556036704 4789.20245991085 4789.20245991085 1.6303198231609333 163.03198231609335 0.1046639110498324 10.46639110498324 137.30702222222308 22.0 34.0 100.0
13680.008366584445 1.0 100.0 587.1961669750535 47.03601769278247 0.0 0.0 0.0 0.0 26218.83091401465 2621883.0914014643 8854.064724761643 885406.4724761645 596551.0 596551.0 10832.954049878377 1083295.4049878381 5371.373229878493 17041.008193758465 4776.319576320851 4776.319576320851 1.6381630897099246 163.8163089709925 0.1066708896790189 10.66708896790189 138.6211555555565 22.0 36.0 100.0
13740.008366584445 1.0 100.0 578.8970468852232 46.48079220151957 0.0 0.0 0.0 0.0 26317.090914014647 2631709.0914014643 8875.804724761643 887580.4724761645 602551.0 602551.0 10877.711308715301 1087771.13087153 5397.526875210358 17126.778992011947 4778.936769264781 4778.936769264781 1.662780456399356 166.2780456399357 0.10824768586863649 10.824768586863648 139.93528888888991 22.0 35.0 100.0
13800.008366584445 1.0 100.0 570.7894746954701 45.88835599835223 0.0 0.0 0.0 0.0 26413.530914014646 2641353.0914014643 8899.364724761645 889936.4724761645 608551.0 608551.0 10922.857925516722 1092285.7925516719 5484.607333436615 17211.77220300088 4786.280417687353 4786.280417687353 1.5996455633089013 159.9645563308901 0.12300321758121079 12.300321758121084 141.24942222222333 22.0 41.0 100.0
13860.008366584445 1.0 100.0 562.7304130793857 45.28769352843586 0.0 0.0 0.0 0.0 26509.67091401465 2650967.0914014643 8923.224724761643 892322.4724761645 614551.0 614551.0 10966.650484372809 1096665.048437281 5523.5160480098575 17298.21427856939 4778.763422052911 4778.763422052911 1.6259422720639045 162.59422720639049 0.11543144174072108 11.5431441740721 142.56355555555675 22.0 39.0 100.0
13920.008366584445 1.0 100.0 554.5220720374847 44.71250719542508 0.0 0.0 0.0 0.0 26607.030914014646 2660703.0914014643 8945.864724761645 894586.4724761645 620551.0 620551.0 11010.429098293656 1101042.9098293656 5523.5160480098575 17383.07208708826 4789.223880111194 4789.223880111194 1.668293278125156 166.82932781251563 0.10742309099169793 10.742309099169793 143.87768888889016 22.0 35.0 100.0
13980.008366584445 1.0 100.0 546.1712845954208 44.16861299499828 0.0 0.0 0.0 0.0 26705.860914014647 2670586.091401465 8967.034724761645 896703.4724761645 626551.0 626551.0 11056.727775893001 1105672.7775893 5523.5160480098575 17466.64525996781 4779.2843149641885 4779.2843149641885 1.6227846279451614 162.2784627945161 0.11025349383597031 11.025349383597032 145.19182222222358 22.0 36.0 100.0
14040.008366584445 1.0 100.0 538.0570511224026 43.57566663193678 0.0 0.0 0.0 0.0 26802.320914014646 2680232.091401465 8990.574724761644 899057.4724761645 632551.0 632551.0 11104.681826673996 1110468.1826673995 5523.5160480098575 17548.86317916561 4784.628706108194 4784.628706108194 1.5553590347985673 155.53590347985676 0.1260311897106077 12.603118971060772 146.505955555557 22.0 43.0 100.0
14100.008366584445 1.0 100.0 530.1022267587559 42.950535275561386 0.0 0.0 0.0 0.0 26897.290914014648 2689729.091401465 9015.604724761644 901560.4724761645 638551.0 638551.0 11153.446121292258 1115344.6121292259 5523.5160480098575 17629.943207959182 4788.740288613853 4788.740288613853 1.5429089332787203 154.29089332787203 0.12470583145817445 12.47058314581744 147.8200888888904 22.0 42.0 100.0
14160.008366584445 1.0 100.0 522.1951989394452 42.31625554197835 0.0 0.0 0.0 0.0 26991.840914014647 2699184.091401465 9041.054724761643 904105.4724761645 644551.0 644551.0 11201.621904895237 1120162.1904895236 5523.5160480098575 17713.339760039908 4784.755815734391 4784.755815734391 1.5920341173084436 159.20341173084435 0.12540138413247578 12.540138413247575 149.13422222222383 22.0 42.0 100.0
14220.008366584445 1.0 100.0 514.2592204168945 41.69228230747461 0.0 0.0 0.0 0.0 27086.83091401465 2708683.0914014643 9066.064724761643 906606.4724761645 650551.0 650551.0 11252.921095660338 1125292.1095660336 5523.5160480098575 17795.764071955185 4778.781585574293 4778.781585574293 1.5895705150111914 158.95705150111914 0.1276555212401767 12.765552124017672 150.44835555555724 22.0 43.0 100.0
14280.008366584445 1.0 100.0 506.40740102314334 41.05003312188542 0.0 0.0 0.0 0.0 27181.000914014647 2718100.0914014643 9091.894724761643 909189.4724761645 656551.0 656551.0 11305.69633424255 1130569.6334242546 5523.5160480098575 17877.28312330712 4781.059457305487 4781.059457305487 1.5563458662331286 155.63458662331288 0.12698086442792214 12.698086442792215 151.76248888889066 22.0 43.0 100.0
14340.008366584445 1.0 100.0 498.4758003870545 40.425969779201964 0.0 0.0 0.0 0.0 27275.960914014646 2727596.0914014643 9116.934724761644 911693.4724761645 662551.0 662551.0 11355.490133678415 1135549.013367841 5523.5160480098575 17960.34926205403 4780.577572879884 4780.577572879884 1.5304887221342944 153.0488722134294 0.13066622853227836 13.066622853227834 153.07662222222407 22.0 44.0 100.0
14400.008366584445 1.0 100.0 490.76854549178466 39.757988639232565 0.0 0.0 0.0 0.0 27368.750914014647 2736875.0914014643 9144.144724761643 914414.4724761645 668551.0 668551.0 11401.774316083163 1140177.431608316 5523.5160480098575 18044.2725257486 4785.597169441371 4785.597169441371 1.5204286155619513 152.04286155619513 0.13375959843387564 13.375959843387566 154.3907555555575 22.0 46.0 100.0
14460.008366584445 1.0 100.0 483.0679668387065 39.08756801233402 0.0 0.0 0.0 0.0 27461.520914014647 2746152.0914014643 9171.374724761643 917137.4724761645 674551.0 674551.0 11447.320764966184 1144732.076496618 5523.5160480098575 18129.41475843529 4776.026869979782 4776.026869979782 1.5100581412244845 151.00581412244844 0.13432421435574982 13.432421435574982 155.7048888888909 22.0 46.0 100.0
14520.008366584445 1.0 100.0 475.1944970576352 38.446946331438866 0.0 0.0 0.0 0.0 27555.790914014648 2755579.0914014643 9197.104724761644 919710.4724761645 680551.0 680551.0 11489.704875093576 1148970.4875093575 5523.5160480098575 18213.29017890493 4773.377036700198 4773.377036700198 1.549044666704813 154.9044666704813 0.12052156395957705 12.052156395957702 157.01902222222432 22.0 41.0 100.0
14580.008366584445 1.0 100.0 467.121652802342 37.84902360538294 0.0 0.0 0.0 0.0 27652.020914014647 2765202.0914014643 9220.874724761643 922087.4724761645 686551.0 686551.0 11533.489213103163 1153348.9213103163 5523.5160480098575 18298.67167332017 4789.4601581927645 4789.4601581927645 1.6409362437792563 164.09362437792558 0.11063708233160545 11.063708233160545 158.33315555555774 22.0 37.0 100.0
14640.008366584445 0.98 98.0 459.0931722190294 37.26346182725591 0.019999999999999987 2.0 0.0 0.0 27749.040914014648 2774904.0914014643 9244.034724761645 924403.4724761645 692533.0 692533.0 11576.30088994138 1157630.0889941375 5523.5160480098575 18384.46882275462 4684.321321094452 4684.321321094452 1.635286467730282 163.52864677302827 0.11526469779320249 11.526469779320244 159.64728888889115 22.0 39.0 98.0
14700.008366584445 0.97 97.0 451.94056240568847 36.681077712442814 0.029999999999999992 3.0 0.0 0.0 27847.680914014647 2784768.0914014643 9267.024724761644 926702.4724761645 698370.0 698370.0 11618.912189155119 1161891.2189155116 5523.5160480098575 18466.97652401755 4643.04890838403 4643.04890838403 1.60351096256359 160.35109625635909 0.11583387972356296 11.583387972356297 160.96142222222457 22.0 38.0 97.0
14760.008366584445 0.97 97.0 444.83443858280776 36.11056379535055 0.029999999999999992 3.0 0.0 0.0 27947.070914014646 2794707.0914014643 9289.434724761644 928943.4724761645 704190.0 704190.0 11659.754100354103 1165975.4100354104 5523.5160480098575 18550.071578047922 4630.879118678422 4630.879118678422 1.6580251807830928 165.80251807830928 0.10361376842563666 10.361376842563665 162.275555555558 22.0 34.0 97.0
14820.008366584445 0.97 97.0 437.4106368775699 35.60529006241462 0.029999999999999992 3.0 0.0 0.0 28049.560914014648 2804956.0914014643 9308.744724761644 930874.4724761645 710010.0 710010.0 11702.156298472122 1170215.6298472125 5523.5160480098575 18636.239883269827 4632.3275016717 4632.3275016717 1.7020055887052967 170.20055887052962 0.09611230509787856 9.611230509787859 163.5896888888914 22.0 30.0 97.0
14880.008366584445 0.97 97.0 429.9209735985892 35.11872439355857 0.029999999999999992 3.0 0.0 0.0 28152.850914014645 2815285.091401465 9327.254724761644 932725.4724761645 715830.0 715830.0 11746.101822141523 1174610.1822141528 5523.5160480098575 18718.443813288235 4634.239185157954 4634.239185157954 1.6777499062301517 167.77499062301519 0.09618838543811713 9.618838543811712 164.90382222222482 22.0 31.0 97.0
14940.008366584445 0.96 96.0 422.6301984736511 34.640992506688306 0.03999999999999997 4.0 0.0 0.0 28257.010914014645 2825701.091401465 9345.264724761644 934526.4724761645 721613.0 721613.0 11788.892925810234 1178889.2925810232 5523.5160480098575 18800.32573407619 4598.439861054976 4598.439861054976 1.6966829543618032 169.66829543618027 0.09381316597591098 9.381316597591095 166.18112000000244 21.0 30.0 96.0
15000.008366584445 0.96 96.0 415.4298872082215 34.17082068092341 0.03999999999999997 4.0 0.0 0.0 28361.770914014647 2836177.091401465 9362.904724761644 936290.4724761645 727373.0 727373.0 11830.777676130836 1183077.7676130831 5523.5160480098575 18881.79899258993 4582.189549490453 4582.189549490453 1.7378461964837473 173.7846196483747 0.09434566670507213 9.434566670507213 167.43552000000213 21.0 30.0 96.0
15060.008366584445 0.96 96.0 408.29732346254605 33.693730481454125 0.03999999999999997 4.0 0.0 0.0 28466.180914014647 2846618.091401465 9380.894724761643 938089.4724761645 733133.0 733133.0 11873.081032007027 1187308.1032007027 5523.5160480098575 18963.821232039652 4593.555263375453 4593.555263375453 1.6953069468406594 169.5306946840659 0.09429470317474223 9.429470317474225 168.68992000000182 21.0 30.0 96.0
15120.008366584445 0.96 96.0 400.95915180021944 33.26030372637222 0.03999999999999997 4.0 0.009999999999999995 1.0 28572.310914014648 2857231.091401465 9397.164724761644 939716.4724761645 738893.0 738893.0 11916.635988100768 1191663.598810077 5585.637757324878 19044.671130953764 4591.307669405906 4591.307669405906 1.7600666385701549 176.0066638570155 0.09100020843709247 9.10002084370925 169.9443200000015 21.0 27.0 96.0
15180.008366584445 0.96 96.0 393.6671678672148 32.86200271153246 0.03999999999999997 4.0 0.009999999999999995 1.0 28678.250914014647 2867825.091401465 9413.624724761643 941362.4724761645 744653.0 744653.0 11960.637171804987 1196063.7171804989 5666.325019388229 19130.91573718272 4593.364151771962 4593.364151771962 1.7409447510646074 174.0944751064608 0.08945161639712805 8.945161639712804 171.1987200000012 21.0 28.000000000000004 96.0
15240.008366584445 0.96 96.0 386.5601707221002 32.41634489912316 0.03999999999999997 4.0 0.009999999999999995 1.0 28782.030914014646 2878203.0914014643 9432.244724761644 943224.4724761645 750413.0 750413.0 12003.915662567111 1200391.566256711 5675.339400517188 19211.365998291378 4586.598171494557 4586.598171494557 1.71416245214978 171.416245214978 0.0943394463460666 9.433944634606659 172.4531200000009 21.0 30.0 96.0
15300.008366584445 0.96 96.0 379.40496588107874 31.98851525123124 0.03999999999999997 4.0 0.009999999999999995 1.0 28886.550914014646 2888655.0914014643 9450.124724761643 945012.4724761645 756173.0 756173.0 12046.2949295458 1204629.4929545803 5675.339400517188 19290.758245365887 4590.265818302296 4590.265818302296 1.7134931845429417 171.34931845429415 0.09328654272070341 9.328654272070338 173.70752000000059 21.0 30.0 96.0
15360.008366584445 0.96 96.0 372.29147909801827 31.55222613602981 0.03999999999999997 4.0 0.009999999999999995 1.0 28990.690914014645 2899069.0914014643 9468.384724761643 946838.4724761645 761933.0 761933.0 12088.48064406226 1208848.0644062257 5675.339400517188 19371.402756189458 4594.415351612678 4594.415351612678 1.7015578223315626 170.1557822331563 0.1002713532224822 10.02713532224822 174.96192000000028 21.0 32.0 96.0
15420.008366584445 0.95 95.0 365.57296341074453 31.09813227514506 0.05 5.0 0.009999999999999995 1.0 29094.520914014647 2909452.0914014643 9487.494724761644 948749.4724761645 767639.0 767639.0 12129.655219707227 1212965.5219707228 5675.339400517188 19454.10628121182 4544.505013182941 4544.505013182941 1.685898003637948 168.58980036379478 0.09572346230025208 9.572346230025207 176.21631999999997 21.0 31.0 95.0
15480.008366584445 0.9299999999999999 93.0 359.2873851716657 30.652454201718207 0.06999999999999997 7.0 0.009999999999999995 1.0 29199.460914014646 2919946.091401465 9506.234724761644 950623.4724761645 773271.0 773271.0 12172.511380610558 1217251.1380610564 5675.339400517188 19534.15969892161 4444.832578569685 4444.832578569685 1.6804048125112656 168.04048125112664 0.09725404171382067 9.725404171382069 177.47071999999966 21.0 31.0 93.0
15540.008366584445 0.9099999999999999 91.0 353.7791874703495 30.215502005777722 0.08999999999999998 9.0 0.009999999999999995 1.0 29306.220914014648 2930622.091401465 9524.534724761645 952453.4724761645 778766.0 778766.0 12217.31273066668 1221731.2730666688 5675.339400517188 19615.918539390008 4346.2269103611725 4346.2269103611725 1.7374773297897441 173.7477329789744 0.09649759397065318 9.649759397065319 178.68231111111018 20.0 30.0 91.0
15600.008366584445 0.9099999999999999 91.0 348.62708414302807 29.751972035830313 0.08999999999999998 9.0 0.009999999999999995 1.0 29412.020914014647 2941202.091401465 9544.134724761643 954413.4724761645 784226.0 784226.0 12259.53657618633 1225953.657618633 5675.339400517188 19698.29061467111 4343.238180230091 4343.238180230091 1.6610501901547405 166.10501901547408 0.10340085086480906 10.340085086480906 179.87697777777615 20.0 33.0 91.0
15660.008366584445 0.8899999999999999 89.0 343.95297319502555 29.28134475708957 0.11000000000000004 11.0 0.009999999999999995 1.0 29518.090914014647 2951809.091401465 9564.064724761643 956406.4724761642 789626.0 789626.0 12299.925286202375 1229992.5286202373 5675.339400517188 19781.434044343332 4256.518604162777 4256.518604162777 1.6452577368150163 164.52577368150162 0.10471838478621237 10.471838478621233 181.07164444444211 20.0 34.0 89.0
15720.008366584445 0.8899999999999999 89.0 339.80711841931134 28.796315991251696 0.11000000000000004 11.0 0.009999999999999995 1.0 29624.08091401465 2962408.091401465 9584.674724761644 958467.4724761642 794966.0 794966.0 12338.633315985691 1233863.331598569 5675.339400517188 19863.93549937862 4265.280999064205 4265.280999064205 1.649237182503162 164.92371825031617 0.1081496265749305 10.814962657493048 182.26631111110808 20.0 36.0 89.0
15780.008366584445 0.8899999999999999 89.0 335.79141898478974 28.289105236712548 0.11000000000000004 11.0 0.009999999999999995 1.0 29728.99091401465 2972899.091401465 9606.364724761645 960636.4724761642 800306.0 800306.0 12376.692006427398 1237669.2006427394 5675.339400517188 19944.82418495577 4249.632283591577 4249.632283591577 1.6202998145291012 162.02998145291008 0.11475632812755963 11.475632812755965 183.46097777777405 20.0 40.0 89.0
15840.008366584445 0.8899999999999999 89.0 331.91023408258434 27.751171010659018 0.11000000000000004 11.0 0.009999999999999995 1.0 29832.49091401465 2983249.091401465 9629.464724761643 962946.4724761642 805646.0 805646.0 12413.628922500371 1241362.8922500368 5675.339400517188 20025.711080131292 4249.079943339916 4249.079943339916 1.6505994276070575 165.05994276070584 0.11259012598451737 11.259012598451735 184.65564444444001 20.0 37.0 89.0
15900.008366584445 0.8699999999999999 87.0 328.50049389396963 27.24145767864319 0.13000000000000006 13.0 0.009999999999999995 1.0 29938.180914014647 2993818.091401465 9651.264724761644 965126.4724761642 810897.0 810897.0 12450.953829012722 1245095.3829012716 5675.339400517188 20107.433387441954 4154.4537233643305 4154.4537233643305 1.6415955296563902 164.15955296563905 0.10851449648443745 10.851449648443745 185.8184533333289 19.0 36.0 87.0
15960.008366584445 0.8600000000000001 86.0 325.5055593205054 26.777096008245167 0.13999999999999993 14.0 0.019999999999999993 2.0 30046.450914014647 3004645.091401465 9671.264724761644 967126.4724761642 816070.0 816070.0 12491.055812940509 1249105.5812940507 5757.10173437847 20189.734029454125 4115.523350136546 4115.523350136546 1.6972275712709022 169.72275712709026 0.09809792848594172 9.809792848594173 186.95338666666285 19.0 32.0 86.0
16020.008366584445 0.8600000000000001 86.0 322.5993106611798 26.358145467248136 0.13999999999999993 14.0 0.029999999999999985 3.0 30154.960914014646 3015496.091401465 9691.154724761644 969115.4724761642 821230.0 821230.0 12532.539527287861 1253253.952728786 5827.482218648553 20271.401895068822 4105.8300333975485 4105.8300333975485 1.6351919202327039 163.51919202327045 0.1115265142983128 11.152651429831282 188.0883199999968 19.0 36.0 86.0
16080.008366584445 0.8600000000000001 86.0 320.0358111433037 25.907936539484805 0.13999999999999993 14.0 0.029999999999999985 3.0 30260.340914014647 3026034.091401465 9714.174724761644 971417.4724761642 826390.0 826390.0 12578.35739514765 1257835.7395147649 5827.482218648553 20353.069678246073 4112.262470021051 4112.262470021051 1.621848138207677 162.18481382076774 0.11368070266967839 11.36807026696784 189.22325333333075 19.0 38.0 86.0
16140.008366584445 0.8600000000000001 86.0 317.5455100543291 25.440847402661902 0.13999999999999993 14.0 0.029999999999999985 3.0 30364.92091401465 3036492.091401465 9737.994724761644 973799.4724761642 831550.0 831550.0 12622.67782157316 1262267.7821573159 5827.482218648553 20434.91363522611 4120.855298428755 4120.855298428755 1.5798276283185455 157.9827628318546 0.12240660793540882 12.240660793540881 190.3581866666647 19.0 41.0 86.0
16200.008366584445 0.8600000000000001 86.0 315.13262673240166 24.95781021661022 0.13999999999999993 14.0 0.029999999999999985 3.0 30468.790914014648 3046879.091401465 9762.524724761644 976252.4724761642 836710.0 836710.0 12662.959202295613 1266295.9202295612 5827.482218648553 20519.436361575757 4108.935266641839 4108.935266641839 1.5970171760510314 159.70171760510314 0.11929513928718885 11.929513928718887 191.49311999999864 19.0 40.0 86.0
16260.008366584445 0.8600000000000001 86.0 312.74941776432667 24.47172092761635 0.13999999999999993 14.0 0.029999999999999985 3.0 30572.460914014646 3057246.091401465 9787.254724761644 978725.4724761642 841870.0 841870.0 12703.668225291121 1270366.822529112 5827.482218648553 20558.768118957843 4118.737738882692 4118.737738882692 1.5549266564978923 155.49266564978916 0.12476546521405953 12.476546521405952 192.6280533333326 19.0 42.0 86.0
16320.008366584445 0.8600000000000001 86.0 310.38658028681306 23.983211066982665 0.13999999999999993 14.0 0.029999999999999985 3.0 30676.060914014648 3067606.091401465 9812.054724761643 981205.4724761642 847030.0 847030.0 12743.319326914285 1274331.9326914286 5827.482218648553 20558.768118957843 4116.639452681417 4116.639452681417 1.598148766463988 159.8148766463987 0.11598009303302242 11.598009303302238 193.76298666666654 19.0 40.0 86.0
16380.008366584445 0.85 85.0 308.31476319596106 23.50176546271316 0.15000000000000002 15.0 0.03999999999999999 4.0 30779.220914014648 3077922.091401465 9837.644724761643 983764.4724761642 852155.0 852155.0 12781.112116304652 1278111.2116304648 5827.482218648553 20622.93092178103 4070.3599881805426 4070.3599881805426 1.481434908796945 148.1434908796945 0.13453673223414653 13.453673223414647 194.89792000000048 19.0 46.0 85.0
16440.008366584443 0.85 85.0 306.5924057096251 23.012534527329144 0.15000000000000002 15.0 0.03999999999999999 4.0 30881.140914014646 3088114.091401465 9864.724724761643 986472.4724761642 857255.0 857255.0 12818.551360253145 1281855.1360253138 5827.482218648553 20706.111493379114 4068.5872080374065 4068.5872080374065 1.5233910549972616 152.3391054997261 0.12875887084582352 12.875887084582356 196.03285333333443 19.0 45.0 85.0
16500.008366584443 0.8400000000000001 84.0 304.96049301110514 22.53636980972458 0.15999999999999995 16.0 0.03999999999999999 4.0 30984.140914014646 3098414.091401465 9891.044724761643 989104.4724761642 862324.0 862324.0 12855.984241267694 1285598.4241267692 5827.482218648553 20792.603299103197 4018.4329627706843 4018.4329627706843 1.5525775524647611 155.25775524647614 0.12962972149656607 12.962972149656611 197.16778666666838 19.0 43.0 84.0
16560.008366584443 0.8200000000000001 82.0 303.64136702029936 22.098878861569922 0.17999999999999997 18.0 0.03999999999999999 4.0 31089.650914014648 3108965.0914014652 9915.594724761644 991559.4724761642 867318.0 867318.0 12892.875250720066 1289287.5250720063 5827.482218648553 20879.06956174015 3930.171769509074 3930.171769509074 1.6050293868510137 160.50293868510136 0.11939104471885537 11.939104471885534 198.29176888889114 18.0 40.0 82.0
16620.008366584443 0.8200000000000001 82.0 302.7600485968489 21.68055096948497 0.17999999999999997 18.0 0.03999999999999999 4.0 31196.810914014648 3119681.0914014652 9939.234724761644 993923.4724761642 872238.0 872238.0 12931.737492390883 1293173.7492390878 5827.482218648553 20965.723858642392 3917.547291577094 3917.547291577094 1.570559932138753 157.0559932138753 0.11974559660495239 11.974559660495244 199.36696888889136 18.0 40.0 82.0
16680.008366584443 0.8200000000000001 82.0 301.9140431922028 21.25548013286 0.17999999999999997 18.0 0.03999999999999999 4.0 31303.710914014646 3130371.0914014652 9963.134724761643 996313.4724761642 877158.0 877158.0 12971.009552464859 1297100.9552464858 5827.482218648553 21052.7158080194 3920.9431597424013 3920.9431597424013 1.5983903953265575 159.8390395326558 0.11724752826999867 11.724752826999877 200.4421688888916 18.0 39.0 82.0
16740.008366584443 0.8200000000000001 82.0 301.037317961879 20.839855626493875 0.17999999999999997 18.0 0.03999999999999999 4.0 31410.980914014646 3141098.0914014652 9986.664724761644 998666.4724761642 882078.0 882078.0 13011.869223425458 1301186.9223425458 5827.482218648553 21139.169577811983 3922.2022148179904 3922.2022148179904 1.600242500184066 160.02425001840663 0.11809078695750357 11.809078695750362 201.5173688888918 18.0 39.0 82.0
16800.008366584443 0.8200000000000001 82.0 299.964065705442 20.46925989572516 0.17999999999999997 18.0 0.03999999999999999 4.0 31520.460914014646 3152046.0914014652 10007.984724761644 1000798.4724761642 886998.0 886998.0 13050.238267719998 1305023.826772 5827.482218648553 21224.952543096882 3928.02764481033 3928.02764481033 1.6454797869323574 164.5479786932358 0.09953265352675467 9.953265352675473 202.59256888889203 18.0 32.0 82.0
16860.008366584443 0.8200000000000001 82.0 298.6116583373129 20.199121798525695 0.17999999999999997 18.0 0.05999999999999998 6.0 31632.820914014646 3163282.0914014652 10026.424724761644 1002642.4724761642 891918.0 891918.0 13089.144401654854 1308914.4401654853 5827.482218648553 21309.100353137845 3930.805180854239 3930.805180854239 1.6553093064141091 165.53093064141092 0.09574714977904564 9.574714977904568 203.66776888889225 18.0 31.0 82.0
16920.008366584443 0.7700000000000001 77.0 298.30567278336184 19.98767088880163 0.22999999999999993 23.0 0.06999999999999998 7.0 31747.480914014646 3174748.0914014652 10044.364724761645 1004436.4724761642 896658.0 896658.0 13128.334477451475 1312833.4477451474 5827.482218648553 21393.087065747655 3682.644972440408 3682.644972440408 1.7186069720041053 171.8606972004105 0.09011416008399767 9.011416008399769 204.7210666666701 17.0 28.999999999999996 77.0
16980.008366584443 0.7600000000000001 76.0 298.8722587163805 19.82143745661431 0.23999999999999985 24.0 0.06999999999999998 7.0 31864.020914014647 3186402.0914014652 10061.854724761644 1006185.4724761642 901255.0 901255.0 13166.069002712664 1316606.9002712658 5827.482218648553 21479.24077474553 3636.453800825092 3636.453800825092 1.7122583743968243 171.22583743968244 0.09130880144029054 9.130880144029053 205.7365333333366 17.0 28.999999999999996 76.0
17040.008366584443 0.7399999999999999 74.0 299.8141386562698 19.654160341044626 0.2600000000000001 26.0 0.06999999999999998 7.0 31980.980914014646 3198098.0914014652 10079.474724761643 1007947.4724761642 905797.0 905797.0 13204.076622345043 1320407.6622345047 5827.482218648553 21563.348016248394 3543.4574727363092 3543.4574727363092 1.7005790121406503 170.05790121406503 0.09357615706219728 9.357615706219729 206.7520000000031 17.0 30.0 74.0
17100.008366584443 0.7399999999999999 74.0 301.5601513148626 19.49054034575358 0.2600000000000001 26.0 0.06999999999999998 7.0 32099.250914014647 3209925.0914014652 10096.804724761643 1009680.4724761642 910237.0 910237.0 13238.109778543869 1323810.9778543867 5827.482218648553 21650.643123036854 3541.612559169707 3541.612559169707 1.7076988317914101 170.769883179141 0.08542240188047315 8.542240188047316 207.7674666666696 17.0 26.0 74.0
17160.008366584443 0.7399999999999999 74.0 303.2308719592554 19.34159291948312 0.2600000000000001 26.0 0.06999999999999998 7.0 32218.120914014646 3221812.0914014652 10113.534724761645 1011353.4724761642 914677.0 914677.0 13271.307369245424 1327130.7369245426 5827.482218648553 21736.835959549204 3536.164464075117 3536.164464075117 1.724520205154839 172.45202051548384 0.08820313722647623 8.820313722647619 208.7829333333361 17.0 28.999999999999996 74.0
17220.008366584443 0.7200000000000001 72.0 305.0524690844559 19.177677216572466 0.27999999999999986 28.0 0.06999999999999998 7.0 32336.51091401465 3233651.0914014652 10130.924724761644 1013092.4724761642 919099.0 919099.0 13307.186248584017 1330718.6248584013 5827.482218648553 21822.38927507719 3440.9314325620735 3440.9314325620735 1.6909014446659993 169.09014446659992 0.09467916018129963 9.467916018129964 209.7824711111136 16.0 31.0 72.0
17280.008366584443 0.7200000000000001 72.0 307.7262454676865 18.994179436033317 0.27999999999999986 28.0 0.06999999999999998 7.0 32455.040914014648 3245504.0914014652 10149.194724761644 1014919.4724761642 923419.0 923419.0 13342.760243510511 1334276.024351051 5827.482218648553 21909.457253635406 3442.4740979210446 3442.4740979210446 1.683956628599868 168.39566285998674 0.09507097766627177 9.507097766627178 210.73820444444638 16.0 30.0 72.0
17340.008366584443 0.6799999999999999 68.0 311.6390455145349 18.832329386995703 0.32 32.0 0.08 8.0 32575.980914014646 3257598.0914014652 10167.014724761644 1016701.4724761642 927544.0 927544.0 13379.746222264386 1337974.6222264383 5840.4954846921055 21921.08512742958 3258.357730142372 3258.357730142372 1.694368889276517 169.43688892765167 0.0935239552669635 9.352395526696354 211.65610666666888 15.0 30.0 68.0
17400.008366584443 0.65 65.0 316.79281717165685 18.69418457443969 0.3499999999999999 35.0 0.08 8.0 32698.970914014648 3269897.0914014652 10184.524724761644 1018452.4724761642 931496.0 931496.0 13416.298305362297 1341629.8305362302 5923.50191136117 21921.08512742958 3114.195332584179 3114.195332584179 1.6945261594764616 169.4526159476461 0.09148529942972718 9.148529942972718 212.55210666666963 15.0 28.999999999999996 65.0
17460.008366584443 0.65 65.0 322.229447662205 18.588144772439435 0.3499999999999999 35.0 0.09 9.0 32823.300914014646 3282330.0914014652 10201.194724761644 1020119.4724761642 935396.0 935396.0 13451.963484810905 1345196.3484810907 6009.078730281909 21921.08512742958 3117.612807833904 3117.612807833904 1.7326514361976544 173.26514361976547 0.08561447017611593 8.56144701761159 213.44810666667038 15.0 26.0 65.0
17520.008366584443 0.64 64.0 327.87289299804826 18.54486367676762 0.36000000000000004 36.0 0.09 9.0 32949.53091401465 3294953.0914014652 10216.454724761643 1021645.4724761642 939247.0 939247.0 13486.791872346166 1348679.1872346164 6092.098540644599 21921.08512742958 3069.2203777543364 3069.2203777543364 1.765596759625526 176.5596759625526 0.08087169929004946 8.087169929004949 214.2953244444486 14.0 25.0 64.0
17580.008366584443 0.6300000000000001 63.0 333.9517554920614 18.543731570298878 0.36999999999999994 37.0 0.09999999999999998 10.0 33076.68091401465 3307668.091401465 10231.454724761643 1023145.4724761642 943032.0 943032.0 13519.98793915765 1351998.7939157647 6173.602408406593 21921.08512742958 3022.311705706926 3022.311705706926 1.7605575443540904 176.05575443540903 0.08231089754145758 8.23108975414576 215.13159111111563 14.0 25.0 63.0
17640.008366584443 0.6300000000000001 63.0 340.129985851852 18.540466979525327 0.36999999999999994 37.0 0.09999999999999998 10.0 33203.300914014646 3320330.091401465 10247.034724761645 1024703.4724761642 946812.0 946812.0 13552.198377966173 1355219.8377966173 6256.973217176274 21921.08512742958 3016.296581948909 3016.296581948909 1.7236402483671285 172.36402483671282 0.08473618087814755 8.473618087814753 215.96785777778265 14.0 26.0 63.0
17700.008366584443 0.5900000000000001 59.0 347.060009996853 18.53603461619088 0.41 41.0 0.09999999999999998 10.0 33330.95091401465 3333095.091401465 10262.634724761643 1026263.4724761642 950487.0 950487.0 13585.041594492794 1358504.1594492788 6341.162120298586 21921.08512742958 2822.823018690837 2822.823018690837 1.7039277763359206 170.39277763359203 0.08320759207951578 8.32075920795158 216.78720000000513 13.0 26.0 59.0
17760.008366584443 0.55 55.0 356.3134974853349 18.54885618702154 0.45 45.0 0.11000000000000001 11.0 33461.32091401465 3346132.091401465 10278.644724761643 1027864.4724761642 953849.0 953849.0 13614.287781557849 1361428.7781557848 6425.8952835601995 21921.08512742958 2642.9280842314065 2642.9280842314065 1.7075497554632846 170.75497554632852 0.0867095277801748 8.670952778017478 217.55477333333837 13.0 27.0 55.00000000000001
17820.008366584443 0.52 52.0 366.7086997874671 18.573721649676386 0.48 48.0 0.11999999999999997 12.0 33592.470914014644 3359247.091401465 10295.434724761644 1029543.4724761642 957055.0 957055.0 13641.97994002581 1364197.994002581 6510.123048943975 21921.08512742958 2486.453500887166 2486.453500887166 1.7002911046411397 170.02911046411396 0.09135453460756282 9.13545346075628 218.27356444444908 12.0 28.999999999999996 52.0
17880.008366584443 0.49 49.0 378.34087184408673 18.657798020255708 0.51 51.0 0.13999999999999999 14.0 33725.32091401465 3372532.091401465 10312.174724761644 1031217.4724761642 960096.0 960096.0 13670.295854709988 1367029.5854709991 6595.600777093315 21921.08512742958 2350.8145811633162 2350.8145811633162 1.7025538027700806 170.25538027700804 0.08595062325799858 8.595062325799859 218.95850666667067 11.0 27.0 49.0
17940.008366584443 0.46 46.0 391.02315060723566 18.790419519189538 0.54 54.0 0.13999999999999999 14.0 33860.95091401465 3386095.091401465 10327.774724761644 1032777.4724761642 962973.0 962973.0 13695.675794434404 1369567.5794434405 6679.2897613640625 21921.08512742958 2199.888334056526 2199.888334056526 1.7272079748049267 172.72079748049268 0.08450260834339358 8.45026083433936 219.6115911111144 10.0 26.0 46.0
18000.008366584443 0.41000000000000003 41.0 405.5833578663734 18.9765938085043 0.5900000000000001 59.0 0.15 15.0 34000.800914014646 3400080.091401465 10341.984724761644 1034198.4724761642 965568.0 965568.0 13717.490066170221 1371749.006617022 6765.022108342407 21921.08512742958 1962.482036462073 1962.482036462073 1.7702036334302826 177.02036334302824 0.07861933680813196 7.861933680813197 220.19299555555912 9.0 24.0 41.0
18060.008366584443 0.38999999999999996 39.0 421.47836888823923 19.153438702612426 0.61 61.0 0.15 15.0 34141.730914014646 3414173.091401465 10356.944724761644 1035694.4724761642 967980.0 967980.0 13737.543441320799 1373754.34413208 6852.33593506427 21921.08512742958 1862.4429775747549 1862.4429775747549 1.7387578076719667 173.8757807671967 0.08404319330639505 8.404319330639504 220.73059555555923 9.0 26.0 39.0
18120.008366584443 0.37 37.0 438.6733135618041 19.31184715480802 0.63 63.0 0.15 15.0 34283.52091401465 3428352.091401465 10372.794724761643 1037279.4724761642 970216.0 970216.0 13755.248273205232 1375524.8273205236 6934.83646788254 21921.08512742958 1778.8493868439887 1778.8493868439887 1.7230126505722891 172.3012650572289 0.08605753759077744 8.605753759077741 221.26819555555934 9.0 27.0 37.0
18180.008366584443 0.35 35.0 456.3994181492314 19.4459982971864 0.65 65.0 0.15 15.0 34424.720914014644 3442472.091401465 10389.814724761643 1038981.4724761642 972394.0 972394.0 13772.369031209617 1377236.9031209617 6975.336133759354 21921.08512742958 1677.5592493636752 1677.5592493636752 1.6837576552391083 168.3757655239108 0.09184236258504845 9.184236258504844 221.77393777778147 8.0 28.999999999999996 35.0
18240.008366584443 0.31999999999999995 32.0 475.46821420537026 19.62174332736329 0.6799999999999999 68.0 0.17000000000000004 17.0 34566.800914014646 3456680.0914014652 10407.814724761643 1040781.4724761642 974387.0 974387.0 13786.380874108943 1378638.0874108942 6975.336133759354 21921.08512742958 1535.2602882004019 1535.2602882004019 1.6836876570258816 168.36876570258818 0.09390564677543765 9.39056467754377 222.2348800000033 7.0 30.0 32.0
18300.008366584443 0.31999999999999995 32.0 495.0362792826686 19.815347161459258 0.6799999999999999 68.0 0.17000000000000004 17.0 34709.57091401465 3470957.0914014652 10425.844724761644 1042584.4724761642 976307.0 976307.0 13799.221126062766 1379922.112606277 6975.336133759354 21921.08512742958 1535.1794730824683 1535.1794730824683 1.6768565014774555 167.68565014774552 0.09672674134905757 9.672674134905762 222.66993777778052 7.0 31.0 32.0
18360.008366584443 0.3 30.0 514.7988415736045 20.01848958657257 0.7 70.0 0.18 18.0 34852.260914014645 3485226.0914014652 10444.194724761644 1044419.4724761642 978203.0 978203.0 13811.86485094614 1381186.485094614 6975.336133759354 21921.08512742958 1446.4849410248655 1446.4849410248655 1.6949985034991402 169.49985034991397 0.09627258248891796 9.627258248891792 223.0980266666688 7.0 30.0 30.0
18420.008366584443 0.3 30.0 535.2480684137344 20.270633392464994 0.7 70.0 0.19000000000000003 19.0 34996.260914014645 3499626.0914014652 10462.194724761644 1046219.4724761642 980003.0 980003.0 13824.154428872098 1382415.4428872098 6975.336133759354 21921.08512742958 1441.259815467543 1441.259815467543 1.668853111300935 166.88531113009353 0.09418170434275425 9.418170434275423 223.51616000000146 7.0 30.0 30.0
18480.008366584443 0.3 30.0 555.6928285027954 20.63574446049619 0.7 70.0 0.22 22.0 35140.34091401465 3514034.0914014652 10480.114724761645 1048011.4724761642 981803.0 981803.0 13836.83011456429 1383683.0114564293 6975.336133759354 21921.08512742958 1439.8549588004996 1439.8549588004996 1.6757529643348925 167.57529643348926 0.09432330286928681 9.432330286928682 223.93429333333413 7.0 30.0 30.0
18540.008366584443 0.29 29.0 576.4044868262828 21.06217294790245 0.71 71.0 0.22 22.0 35284.940914014645 3528494.0914014652 10497.934724761644 1049793.472476164 983561.0 983561.0 13848.995688317804 1384899.5688317802 6975.336133759354 21921.08512742958 1393.2968055871029 1393.2968055871029 1.6916442379789003 169.16442379789 0.09145522989618549 9.145522989618549 224.3524266666668 7.0 28.999999999999996 28.999999999999996
18600.008366584443 0.27 27.0 597.888716806876 21.51677083762301 0.73 73.0 0.23 23.0 35430.82091401465 3543082.0914014652 10515.554724761643 1051555.472476164 985211.0 985211.0 13861.646937248146 1386164.6937248146 6975.336133759354 21921.08512742958 1295.1043232560835 1295.1043232560835 1.7016554336814997 170.16554336814997 0.09506636188345251 9.506636188345249 224.7307377777781 6.0 30.0 27.0
18660.008366584443 0.25 25.0 620.1381912360338 21.977015791334775 0.75 75.0 0.24 24.0 35577.230914014646 3557723.0914014652 10533.744724761644 1053374.472476164 986751.0 986751.0 13872.668955423485 1387266.895542348 6975.336133759354 21921.08512742958 1208.2636774963203 1208.2636774963203 1.6744549193708431 167.44549193708426 0.09545382301661133 9.545382301661132 225.08913777777875 6.0 31.0 25.0
18720.008366584443 0.25 25.0 642.6949927383941 22.46647968232147 0.75 75.0 0.25 25.0 35723.70091401465 3572370.0914014652 10552.274724761644 1055227.472476164 988251.0 988251.0 13882.898387074443 1388289.838707444 6975.336133759354 21921.08512742958 1206.777174850865 1206.777174850865 1.6908219394768607 169.08219394768602 0.0944847220123699 9.448472201236992 225.4475377777794 6.0 30.0 25.0
18780.008366584443 0.25 25.0 665.1816895082915 23.022649059087517 0.75 75.0 0.26 26.0 35870.830914014645 3587083.0914014652 10570.144724761643 1057014.472476164 989751.0 989751.0 13893.780556662208 1389378.0556662208 6975.336133759354 21921.08512742958 1201.1296780444093 1201.1296780444093 1.7123440800972334 171.23440800972332 0.09139380941590948 9.139380941590947 225.80593777778003 6.0 28.000000000000004 25.0
18840.008366584443 0.24 24.0 687.6326427173028 23.636537337847546 0.76 76.0 0.27 27.0 36019.45091401465 3601945.0914014652 10586.674724761644 1058667.472476164 991236.0 991236.0 13904.777058202157 1390477.7058202156 6975.336133759354 21921.08512742958 1148.944546114766 1148.944546114766 1.7220109727407884 172.20109727407885 0.08769820014981161 8.76982001498116 226.16433777778067 6.0 27.0 24.0
18900.008366584443 0.23 23.0 710.5193547281791 24.304725178516783 0.77 77.0 0.27 27.0 36170.09091401465 3617009.0914014652 10602.034724761645 1060203.472476164 992636.0 992636.0 13916.488298260114 1391648.8298260113 6975.336133759354 21921.08512742958 1105.4608923166243 1105.4608923166243 1.7579945042503629 175.7994504250362 0.07966203155468571 7.966203155468568 226.51975111111463 6.0 25.0 23.0
18960.008366584443 0.23 23.0 733.4393891729997 24.98859705753159 0.77 77.0 0.27 27.0 36321.68091401465 3632168.091401465 10616.644724761643 1061664.472476164 994016.0 994016.0 13928.787323474584 1392878.7323474584 6975.336133759354 21921.08512742958 1112.516298043161 1112.516298043161 1.7657932999738137 176.5793299973814 0.08012845406481033 8.012845406481036 226.8691911111152 6.0 24.0 23.0
19020.008366584443 0.22 22.0 756.5006313230267 25.704272493157966 0.78 78.0 0.27999999999999997 28.0 36473.690914014645 3647369.091401465 10631.044724761643 1063104.472476164 995375.0 995375.0 13940.897124651638 1394089.712465164 6975.336133759354 21921.08512742958 1066.2714303233554 1066.2714303233554 1.7746255829742312 177.4625582974232 0.07991913244858777 7.991913244858775 227.2027022222268 5.0 24.0 22.0
19080.008366584443 0.21000000000000002 21.0 780.1908720229337 26.431975191170352 0.79 79.0 0.27999999999999997 28.0 36627.00091401465 3662700.091401465 10645.014724761644 1064501.472476164 996647.0 996647.0 13952.603966497147 1395260.3966497148 6975.336133759354 21921.08512742958 1008.9139917960844 1008.9139917960844 1.7805774714453597 178.05774714453602 0.07636078178540331 7.636078178540331 227.50136888889372 5.0 23.0 21.0
19140.008366584443 0.20000000000000004 20.0 804.2062623024605 27.16235267583078 0.8 80.0 0.27999999999999997 28.0 36780.78091401465 3678078.091401465 10658.944724761644 1065894.472476164 997876.0 997876.0 13965.052689320222 1396505.268932022 6975.336133759354 21921.08512742958 963.0842669997841 963.0842669997841 1.7520459710750556 175.20459710750555 0.08158826850132023 8.158826850132023 227.80003555556064 5.0 25.0 20.0
19200.008366584443 0.18000000000000005 18.0 829.0647618878836 27.883288436316306 0.8200000000000001 82.0 0.29 29.0 36934.56091401465 3693456.091401465 10673.944724761644 1067394.472476164 998999.0 998999.0 13977.742832600015 1397774.2832600016 6975.336133759354 21921.08512742958 874.0035543311271 874.0035543311271 1.7551497280671116 175.51497280671117 0.08327640493519084 8.327640493519084 228.07281777778294 4.0 25.0 18.0
19260.008366584443 0.16 16.0 854.5156693971953 28.64701840191017 0.84 84.0 0.3 30.0 37089.96091401465 3708996.091401465 10688.294724761643 1068829.472476164 1000024.0 1000024.0 13988.957435398464 1398895.7435398467 6975.336133759354 21921.08512742958 775.9109745410708 775.9109745410708 1.7606011236850168 176.0601123685017 0.0783205907424042 7.832059074240419 228.31175111111614 4.0 24.0 16.0
19320.008366584443 0.16 16.0 880.4720338965936 29.43025339091967 0.84 84.0 0.3 30.0 37245.96091401465 3724596.091401465 10702.694724761644 1070269.472476164 1000984.0 1000984.0 14000.232907709731 1400023.2907709733 6975.336133759354 21921.08512742958 770.8798580300066 770.8798580300066 1.7787037856846168 177.87037856846172 0.0802099620687861 8.020996206878609 228.55068444444933 4.0 24.0 16.0
19380.008366584443 0.15 15.0 906.6999415810049 30.21321014306127 0.85 85.0 0.3 30.0 37402.330914014645 3740233.091401465 10717.094724761644 1071709.4724761643 1001907.0 1001907.0 14011.272950937611 1401127.295093761 6975.336133759354 21921.08512742958 721.4173579273915 721.4173579273915 1.7772659547647487 177.72659547647493 0.07967304850477033 7.967304850477033 228.78961777778252 4.0 24.0 15.0
19440.008366584443 0.15 15.0 933.0528056433462 31.006747819404325 0.85 85.0 0.3 30.0 37559.49091401465 3755949.091401465 10730.934724761644 1073093.4724761643 1002807.0 1002807.0 14021.35269613565 1402135.2696135652 6975.336133759354 21921.08512742958 733.1740492822598 733.1740492822598 1.780736401981331 178.07364019813315 0.0758592883478966 7.585928834789659 229.02855111111572 4.0 23.0 15.0
19500.008366584443 0.13999999999999999 14.0 959.7310642250003 31.802839553991433 0.86 86.0 0.3 30.0 37717.20091401465 3771720.091401465 10744.734724761644 1074473.4724761643 1003656.0 1003656.0 14030.722470831148 1403072.2470831152 6975.336133759354 21921.08512742958 671.2044855569121 671.2044855569121 1.7755847121096746 177.55847121096753 0.07796696465222715 7.796696465222714 229.2674844444489 4.0 23.0 14.000000000000002
19560.008366584443 0.11999999999999998 12.0 986.9201202917773 32.59939040043371 0.88 88.0 0.3 30.0 37875.580914014645 3787558.091401465 10758.534724761645 1075853.4724761643 1004438.0 1004438.0 14038.373605561897 1403837.3605561901 6975.336133759354 21921.08512742958 574.4568206179047 574.4568206179047 1.7762244912317733 177.62244912317735 0.07681240283425321 7.681240283425322 229.4516622222262 3.0 23.0 12.0
19620.008366584443 0.11999999999999998 12.0 1014.4956432615046 33.3949037301961 0.88 88.0 0.3 30.0 38034.580914014645 3803458.091401465 10772.334724761644 1077233.4724761643 1005158.0 1005158.0 14044.54463746896 1404454.4637468962 6975.336133759354 21921.08512742958 587.4511005578627 587.4511005578627 1.7772156211441272 177.72156211441273 0.0792374330417868 7.9237433041786804 229.63086222222566 3.0 23.0 12.0
19680.008366584443 0.1 10.0 1042.6896755783616 34.18976450639544 0.9 90.0 0.3 30.0 38194.45091401465 3819445.091401465 10786.134724761643 1078613.4724761643 1005791.0 1005791.0 14049.243586201052 1404924.3586201055 6975.336133759354 21921.08512742958 493.32545334690667 493.32545334690667 1.7761041879025607 177.61041879025612 0.07794751108662529 7.79475110866253 229.81006222222513 3.0 23.0 10.0
19740.008366584443 0.09000000000000001 9.0 1071.474863504476 34.9978001980574 0.91 91.0 0.30999999999999994 31.0 38355.13091401465 3835513.091401465 10799.934724761644 1079993.4724761643 1006343.0 1006343.0 14052.925093864862 1405292.5093864861 6975.336133759354 21921.08512742958 430.7823662560998 430.7823662560998 1.7818555785425636 178.18555785425642 0.07693285587776594 7.693285587776593 229.95840000000305 2.0 23.0 9.0
19800.008366584443 0.07999999999999999 8.0 1100.5912939868642 35.83412485966532 0.92 92.0 0.30999999999999994 31.0 38516.330914014645 3851633.091401465 10813.734724761644 1081373.4724761643 1006843.0 1006843.0 14056.31154296406 1405631.1542964063 6975.336133759354 21921.08512742958 389.34090221966625 389.34090221966625 1.7795648351445015 177.95648351445016 0.07781271173942138 7.781271173942136 230.08284444444817 2.0 23.0 8.0
19860.008366584443 0.07999999999999999 8.0 1129.835660735605 36.68003056330305 0.92 92.0 0.32 32.0 38677.730914014646 3867773.091401465 10827.534724761645 1082753.4724761643 1007323.0 1007323.0 14059.649936757816 1405964.993675782 6975.336133759354 21921.08512742958 383.2091975526373 383.2091975526373 1.780226450050321 178.02264500503213 0.07788017589868525 7.788017589868524 230.20231111111562 2.0 23.0 8.0
19920.008366584443 0.07999999999999999 8.0 1159.035403998301 37.56939760084501 0.92 92.0 0.32999999999999996 33.0 38839.56091401465 3883956.091401465 10840.904724761644 1084090.4724761643 1007803.0 1007803.0 14062.988406183224 1406298.8406183224 6975.336133759354 21921.08512742958 388.06772862464646 388.06772862464646 1.7850950886268897 178.509508862689 0.07566109857188326 7.566109857188323 230.32177777778307 2.0 22.0 8.0
19980.008366584443 0.06999999999999999 7.0 1188.5304124962781 38.478968505377324 0.9299999999999999 93.0 0.32999999999999996 33.0 39002.080914014645 3900208.091401465 10854.104724761644 1085410.4724761643 1008231.0 1008231.0 14066.335798528064 1406633.5798528066 6975.336133759354 21921.08512742958 348.612519920007 348.612519920007 1.7851030241238464 178.51030241238465 0.07480728602771997 7.480728602771999 230.44124444445052 2.0 22.0 7.000000000000001
20040.008366584443 0.06999999999999999 7.0 1218.071452341685 39.390583703748646 0.9299999999999999 93.0 0.32999999999999996 33.0 39164.77091401465 3916477.091401465 10867.214724761643 1086721.4724761643 1008651.0 1008651.0 14069.717688713326 1406971.7688713328 6975.336133759354 21921.08512742958 345.7244585369142 345.7244585369142 1.7862116198453541 178.62116198453543 0.07458671867645736 7.458671867645735 230.56071111111797 2.0 22.0 7.000000000000001
20100.008366584443 0.06999999999999999 7.0 1247.6274796785028 40.29902507649612 0.9299999999999999 93.0 0.32999999999999996 33.0 39327.31091401465 3932731.091401465 10880.474724761643 1088047.4724761643 1009071.0 1009071.0 14073.09144360418 1407309.1443604182 6975.336133759354 21921.08512742958 339.4400646752696 339.4400646752696 1.7723096241568723 177.23096241568723 0.07779155862685483 7.779155862685484 230.68017777778542 2.0 23.0 7.000000000000001
20160.008366584443 0.06999999999999999 7.0 1277.2352897605992 41.19623513383915 0.9299999999999999 93.0 0.32999999999999996 33.0 39489.31091401465 3948931.091401465 10894.274724761644 1089427.4724761643 1009491.0 1009491.0 14076.506784315397 1407650.67843154 6975.336133759354 21921.08512742958 342.07899647341145 342.07899647341145 1.7751777197169343 177.51777197169343 0.07925319127914092 7.92531912791409 230.79964444445287 2.0 23.0 7.000000000000001
20220.008366584443 0.05999999999999998 6.0 1307.0863856154351 42.089268363598734 0.94 94.0 0.32999999999999996 33.0 39651.35091401465 3965135.091401465 10908.314724761643 1090831.4724761643 1009883.0 1009883.0 14079.928921202481 1407992.8921202484 6975.336133759354 21921.08512742958 301.9701782476677 301.9701782476677 1.767654121712013 176.76541217120132 0.0779624888304615 7.7962488830461485 230.91911111112032 2.0 24.0 6.0
20280.008366584443 0.05999999999999998 6.0 1337.2305977654603 42.97313707828598 0.94 94.0 0.32999999999999996 33.0 39813.35091401465 3981335.091401465 10922.714724761643 1092271.4724761643 1010243.0 1010243.0 14083.371935539135 1408337.1935539136 6975.336133759354 21921.08512742958 293.802576100715 293.802576100715 1.7666447395272558 176.6644739527256 0.07988897628844964 7.988897628844961 231.03857777778776 2.0 24.0 6.0
20340.008366584443 0.04999999999999998 5.0 1367.4452373210943 43.85341929168962 0.95 95.0 0.32999999999999996 33.0 39975.16091401465 3997516.091401465 10937.364724761645 1093736.4724761643 1010598.0 1010598.0 14086.704337692023 1408670.4337692026 6975.336133759354 21921.08512742958 242.28361765883568 242.28361765883568 1.7499782703437612 174.99782703437614 0.08135179917600911 8.13517991760091 231.15804444445521 2.0 25.0 5.0
20400.008366584443 0.04999999999999998 5.0 1398.133056357024 44.72567328244606 0.95 95.0 0.32999999999999996 33.0 40137.16091401465 4013716.091401465 10952.364724761645 1095236.4724761643 1010898.0 1010898.0 14090.074396721038 1409007.4396721039 6975.336133759354 21921.08512742958 249.41092188526602 249.41092188526602 1.7517115942724952 175.17115942724953 0.08169511117710196 8.169511117710195 231.27751111112266 2.0 25.0 5.0
20460.008366584443 0.03999999999999999 4.0 1428.9919927687245 45.5983314042076 0.96 96.0 0.32999999999999996 33.0 40299.45091401465 4029945.091401465 10967.364724761645 1096736.4724761643 1011169.0 1011169.0 14093.120332419527 1409312.0332419525 6975.336133759354 21921.08512742958 203.80980560314327 203.80980560314327 1.748114326213443 174.81143262134432 0.0812987159944698 8.12987159944698 231.3681066666788 1.0 25.0 4.0
20520.008366584443 0.03999999999999999 4.0 1460.0399233181565 46.47017742043638 0.96 96.0 0.32999999999999996 33.0 40462.050914014646 4046205.091401465 10982.364724761645 1098236.4724761643 1011409.0 1011409.0 14095.646804481108 1409564.680448111 6975.336133759354 21921.08512742958 200.12852978756746 200.12852978756746 1.7531235374046363 175.31235374046366 0.08155668987115283 8.155668987115282 231.42784000001254 1.0 25.0 4.0
20580.008366584443 0.02999999999999998 3.0 1491.4703703644054 47.34238804025364 0.97 97.0 0.32999999999999996 33.0 40625.13091401465 4062513.091401465 10997.364724761645 1099736.4724761643 1011601.0 1011601.0 14098.20905819479 1409820.9058194791 6975.336133759354 21921.08512742958 153.58993770295632 153.58993770295632 1.749197997024768 174.9197997024768 0.08153975036169303 8.1539750361693 231.48757333334626 1.0 25.0 3.0
20640.008366584443 0.02999999999999998 3.0 1522.9983536236819 48.21376177188805 0.97 97.0 0.32999999999999996 33.0 40788.330914014645 4078833.091401465 11012.364724761645 1101236.4724761643 1011781.0 1011781.0 14100.769671964055 1410076.9671964056 6975.336133759354 21921.08512742958 155.70207337623003 155.70207337623003 1.7520898859027056 175.2089885902706 0.08387857919140768 8.387857919140767 231.54730666668 1.0 25.0 3.0
20700.008366584443 0.02999999999999998 3.0 1554.5251167430154 49.085775361673605 0.97 97.0 0.32999999999999996 33.0 40951.53091401465 4095153.091401465 11027.364724761645 1102736.4724761643 1011961.0 1011961.0 14103.337630746406 1410333.7630746409 6975.336133759354 21921.08512742958 148.74229814329664 148.74229814329664 1.7475161293617139 174.75161293617143 0.08188298088116389 8.188298088116392 231.6070400000137 1.0 25.0 3.0
20760.008366584443 0.02999999999999998 3.0 1586.0254408004967 49.9531190951021 0.97 97.0 0.32999999999999996 33.0 41114.970914014644 4111497.091401465 11042.124724761643 1104212.4724761643 1012141.0 1012141.0 14105.900304419038 1410590.0304419037 6975.336133759354 21921.08512742958 151.1225757012828 151.1225757012828 1.7619184663972614 176.19184663972615 0.08009804955681181 8.009804955681178 231.66677333334744 1.0 24.0 3.0
20820.008366584443 0.02999999999999998 3.0 1617.4860062815314 50.82389729953033 0.97 97.0 0.32999999999999996 33.0 41278.77091401465 4127877.091401465 11056.524724761644 1105652.4724761643 1012321.0 1012321.0 14108.404837126292 1410840.4837126296 6975.336133759354 21921.08512742958 146.72782804378488 146.72782804378488 1.7630326776176641 176.30326776176642 0.0808889682301451 8.088896823014512 231.72650666668116 1.0 24.0 3.0
20880.008366584443 0.02999999999999998 3.0 1648.9005410403615 51.70669068498005 0.97 97.0 0.32999999999999996 33.0 41443.07091401465 4144307.091401465 11070.424724761644 1107042.4724761643 1012501.0 1012501.0 14110.945261355453 1411094.5261355455 6975.336133759354 21921.08512742958 160.95293460707472 160.95293460707472 1.771845914439538 177.1845914439538 0.07720063731394641 7.720063731394643 231.78624000001489 1.0 23.0 3.0
20940.008366584443 0.02999999999999998 3.0 1680.2988731701432 52.60177663544488 0.97 97.0 0.34 34.0 41607.50091401465 4160750.091401465 11084.194724761644 1108419.4724761643 1012681.0 1012681.0 14113.468650446906 1411346.865044691 6975.336133759354 21921.08512742958 158.9431662164773 158.9431662164773 1.7846354142589775 178.4635414258978 0.07495162195842774 7.495162195842774 231.8459733333486 1.0 22.0 3.0
21000.008366584443 0.02999999999999998 3.0 1711.6350864591814 53.541166418320245 0.97 97.0 0.34 34.0 41772.50091401465 4177250.091401465 11097.394724761643 1109739.4724761643 1012861.0 1012861.0 14116.029753170738 1411602.9753170738 6975.336133759354 21921.08512742958 154.41400219572134 154.41400219572134 1.7932621229933285 179.3262122993329 0.07435001057669174 7.435001057669173 231.90570666668233 1.0 22.0 3.0
21060.008366584443 0.02999999999999998 3.0 1742.9704291614912 54.48160904769661 0.97 97.0 0.34 34.0 41937.50091401465 4193750.091401465 11110.594724761644 1111059.4724761643 1013041.0 1013041.0 14118.626773990532 1411862.6773990535 6975.336133759354 21921.08512742958 154.08874880116736 154.08874880116736 1.790750460752633 179.07504607526334 0.07422034842174277 7.422034842174275 231.96544000001606 1.0 22.0 3.0
21120.008366584443 0.02999999999999998 3.0 1774.307491249515 55.4256897249697 0.97 97.0 0.3499999999999999 35.0 42102.50091401465 4210250.091401464 11123.794724761643 1112379.4724761643 1013221.0 1013221.0 14121.18363907585 1412118.3639075852 6975.336133759354 21921.08512742958 158.0087748096793 158.0087748096793 1.7935985953577416 179.3598595357742 0.0743822935225571 7.438229352255709 232.02517333334978 1.0 22.0 3.0
21180.008366584443 0.02999999999999998 3.0 1805.6454057952833 56.39380047435579 0.97 97.0 0.3499999999999999 35.0 42267.50091401465 4226750.091401464 11136.994724761644 1113699.4724761643 1013401.0 1013401.0 14123.696429421345 1412369.6429421345 6975.336133759354 21921.08512742958 145.80828644486743 145.80828644486743 1.7886776688777808 178.86776688777812 0.07593289528194748 7.593289528194749 232.0849066666835 1.0 22.0 3.0
21240.008366584443 0.02999999999999998 3.0 1836.9851032326958 57.36173371076378 0.97 97.0 0.3499999999999999 35.0 42432.50091401465 4243250.091401464 11150.194724761644 1115019.4724761643 1013581.0 1013581.0 14126.214750356112 1412621.4750356113 6975.336133759354 21921.08512742958 157.60134610006625 157.60134610006625 1.7860349031615488 178.60349031615493 0.07420570541994433 7.420570541994432 232.14464000001723 1.0 22.0 3.0
21300.008366584443 0.02999999999999998 3.0 1868.3216144262992 58.32933894118237 0.97 97.0 0.3499999999999999 35.0 42597.50091401465 4259750.091401464 11163.394724761643 1116339.4724761643 1013761.0 1013761.0 14128.733158211504 1412873.3158211506 6975.336133759354 21921.08512742958 159.16359446192874 159.16359446192874 1.787898120808846 178.78981208088464 0.0741583197881938 7.415831978819379 232.20437333335096 1.0 22.0 3.0
21360.008366584443 0.02999999999999998 3.0 1899.6612803621724 59.297644438060004 0.97 97.0 0.36000000000000004 36.0 42762.50091401465 4276250.091401464 11176.594724761644 1117659.4724761643 1013941.0 1013941.0 14131.246594115066 1413124.6594115065 6975.336133759354 21921.08512742958 161.03176026610987 161.03176026610987 1.783696619833249 178.36966198332493 0.07607111637461385 7.607111637461385 232.26410666668468 1.0 22.0 3.0
21420.008366584443 0.02999999999999998 3.0 1931.002109341271 60.33085261653097 0.97 97.0 0.38000000000000006 38.0 42927.50091401465 4292750.091401464 11189.794724761643 1118979.4724761643 1014121.0 1014121.0 14133.787107114083 1413378.7107114086 6975.336133759354 21921.08512742958 153.30541625282726 153.30541625282726 1.7851047530953137 178.5104753095314 0.07593937346810511 7.593937346810512 232.3238400000184 1.0 22.0 3.0
21480.008366584443 0.02999999999999998 3.0 1962.343180045288 61.40014719337935 0.97 97.0 0.38000000000000006 38.0 43092.50091401465 4309250.091401464 11202.994724761644 1120299.4724761643 1014301.0 1014301.0 14136.347222690729 1413634.722269073 6975.336133759354 21921.08512742958 148.22899987004703 148.22899987004703 1.7867776097875725 178.67776097875728 0.07619915438104022 7.619915438104022 232.38357333335213 1.0 22.0 3.0
21540.008366584443 0.02999999999999998 3.0 1993.6787577637297 62.44023194241344 0.97 97.0 0.38999999999999996 39.0 43257.50091401465 4325750.091401464 11216.194724761644 1121619.4724761643 1014481.0 1014481.0 14138.878205024062 1413887.8205024067 6975.336133759354 21921.08512742958 147.4419138366614 147.4419138366614 1.785409276456408 178.54092764564083 0.0755949066404357 7.559490664043568 232.44330666668586 1.0 22.0 3.0
21600.008366584443 0.02999999999999998 3.0 2025.0172025478953 63.52915216376987 0.97 97.0 0.38999999999999996 39.0 43422.50091401465 4342250.091401464 11229.394724761643 1122939.4724761643 1014661.0 1014661.0 14141.41328843804 1414141.3288438043 6975.336133759354 21921.08512742958 156.8854900228348 156.8854900228348 1.7881406313682546 178.8140631368255 0.07473030765782948 7.473030765782946 232.50304000001958 1.0 22.0 3.0
21660.008366584443 0.02999999999999998 3.0 2056.3560725437105 64.61650092663245 0.97 97.0 0.38999999999999996 39.0 43587.50091401465 4358750.091401464 11242.594724761644 1124259.4724761643 1014841.0 1014841.0 14143.94609087391 1414394.609087391 6975.336133759354 21921.08512742958 152.06345158190385 152.06345158190385 1.7861402746308654 178.6140274630866 0.07618834734738393 7.618834734738396 232.5627733333533 1.0 22.0 3.0
21720.008366584443 0.02999999999999998 3.0 2087.693233523186 65.7285175397534 0.97 97.0 0.4000000000000001 40.0 43752.50091401465 4375250.091401464 11255.794724761643 1125579.4724761643 1015021.0 1015021.0 14146.461139547506 1414646.1139547506 6975.336133759354 21921.08512742958 156.96650931066745 156.96650931066745 1.7891359013956945 178.91359013956946 0.07332849204469132 7.332849204469133 232.62250666668703 1.0 22.0 3.0
21780.008366584443 0.02999999999999998 3.0 2119.028584868026 66.84107130006215 0.97 97.0 0.4000000000000001 40.0 43917.50091401465 4391750.091401464 11268.994724761644 1126899.4724761643 1015201.0 1015201.0 14148.96978417 1414896.978417 6975.336133759354 21921.08512742958 150.14388188820132 150.14388188820132 1.7898794115432402 178.98794115432406 0.07486919671556785 7.486919671556782 232.68224000002076 1.0 22.0 3.0
21840.008366584443 0.02999999999999998 3.0 2150.3643899384156 67.95377910562708 0.97 97.0 0.41 41.0 44082.50091401465 4408250.091401464 11282.194724761644 1128219.4724761643 1015381.0 1015381.0 14151.502034579229 1415150.203457923 6975.336133759354 21921.08512742958 151.66203754956084 151.66203754956084 1.7866893223364604 178.66893223364607 0.07348547830415596 7.3485478304155984 232.74197333335448 1.0 22.0 3.0
21900.008366584443 0.019999999999999993 2.0 2181.8948102914765 69.09569644728793 0.98 98.0 0.41 41.0 44247.82091401465 4424782.091401464 11295.394724761643 1129539.4724761643 1015529.0 1015529.0 14153.670466643835 1415367.0466643835 6975.336133759354 21921.08512742958 102.98165890090897 102.98165890090897 1.7905022296731496 179.05022296731502 0.0748443912316024 7.484439123160239 232.8017066666882 1.0 22.0 2.0
21960.008366584443 0.019999999999999993 2.0 2213.6065964536806 70.24200984252208 0.98 98.0 0.42000000000000004 42.0 44413.42091401465 4441342.091401464 11308.594724761644 1130859.4724761643 1015649.0 1015649.0 14155.328254322438 1415532.825432244 6975.336133759354 21921.08512742958 107.50616672025534 107.50616672025534 1.7884865454351497 178.84865454351504 0.07585174919491301 7.585174919491303 232.86144000002193 1.0 22.0 2.0
22020.008366584443 0.019999999999999993 2.0 2245.316203324693 71.38856549572937 0.98 98.0 0.41 41.0 44579.290914014644 4457929.091401464 11321.524724761644 1132152.4724761643 1015769.0 1015769.0 14156.979444771236 1415697.9444771234 6975.336133759354 21921.08512742958 107.79074964167539 107.79074964167539 1.785369871236453 178.53698712364533 0.07385424477549414 7.385424477549415 232.92117333335565 1.0 21.0 2.0
22080.008366584443 0.019999999999999993 2.0 2277.023441976283 72.52959865710173 0.98 98.0 0.41 41.0 44745.49091401465 4474549.091401464 11334.124724761643 1133412.4724761643 1015889.0 1015889.0 14158.41452868226 1415841.4528682262 6975.336133759354 21921.08512742958 95.66822389755744 95.66822389755744 1.7883998366613105 178.8399836661311 0.07228811250197309 7.228811250197309 232.98090666668938 1.0 21.0 2.0
22140.008366584443 0.019999999999999993 2.0 2308.767994817986 73.66388151507797 0.98 98.0 0.41 41.0 44911.34091401465 4491134.091401464 11347.074724761644 1134707.4724761643 1016009.0 1016009.0 14159.314281343683 1415931.4281343685 6975.336133759354 21921.08512742958 111.68662536510591 111.68662536510591 1.776920019257268 177.69200192572686 0.0744553107386084 7.445531073860837 233.0406400000231 1.0 22.0 2.0
22200.008366584443 0.019999999999999993 2.0 2340.539711208642 74.81924166839768 0.98 98.0 0.43000000000000005 43.0 45076.940914014645 4507694.091401465 11360.274724761644 1136027.4724761643 1016129.0 1016129.0 14160.214034846571 1416021.4034846572 6975.336133759354 21921.08512742958 108.17367950500275 108.17367950500275 1.774299109129958 177.42991091299584 0.07502258093741425 7.502258093741425 233.10037333335683 1.0 22.0 2.0
22260.008366584443 0.009999999999999995 1.0 2372.445934884964 75.99583344099217 0.99 99.0 0.43000000000000005 43.0 45242.25091401465 4524225.091401465 11373.904724761644 1137390.4724761643 1016236.0 1016236.0 14160.940239741221 1416094.0239741222 6975.336133759354 21921.08512742958 62.46145642665385 62.46145642665385 1.7668231786616342 176.68231786616346 0.07867840484558056 7.867840484558057 233.16010666669055 1.0 23.0 1.0
22320.008366584443 0.009999999999999995 1.0 2404.693103363847 77.16960110973135 0.99 99.0 0.43000000000000005 43.0 45407.85091401465 4540785.091401464 11387.704724761643 1138770.4724761646 1016296.0 1016296.0 14160.940239741221 1416094.0239741222 6975.336133759354 21921.08512742958 54.0016511056942 54.0016511056942 1.7661951180634021 176.61951180634026 0.07806015733253724 7.806015733253723 233.21984000002428 1.0 23.0 1.0
22380.008366584443 0.0 0.0 2437.0694511427296 78.32164997059355 1.0 100.0 0.42000000000000004 42.0 45573.81091401465 4557381.091401464 11401.394724761643 1140139.4724761646 1016331.0 1016331.0 14160.940239741221 1416094.0239741222 6975.336133759354 21921.08512742958 11.974843862490204 11.974843862490204 1.7621724935426069 176.21724935426073 0.07569635101586038 7.569635101586037 233.279573333358 1.0 22.0 0.0
22440.008366584443 0.0 0.0 2469.63604801388 79.49069003918704 1.0 100.0 0.43000000000000005 43.0 45740.610914014644 4574061.091401464 11414.594724761644 1141459.4724761646 1016331.0 1016331.0 14160.940239741221 1416094.0239741222 6975.336133759354 21921.08512742958 10.301201512273677 10.301201512273677 1.7621724935426069 176.21724935426073 0.07484940846607956 7.484940846607955 233.33930666669173 1.0 22.0 0.0
22500.008366584443 0.0 0.0 2502.20264488503 80.66604358695339 1.0 100.0 0.44000000000000006 44.0 45907.41091401465 4590741.091401464 11427.794724761643 1142779.4724761646 1016331.0 1016331.0 14160.940239741221 1416094.0239741222 6975.336133759354 21921.08512742958 12.010049365684084 12.010049365684084 1.7621724935426069 176.21724935426073 0.07473780947844184 7.473780947844184 233.39904000002545 1.0 22.0 0.0
22560.008366584443 0.0 0.0 2534.7692417561802 81.89448656633871 1.0 100.0 0.44999999999999996 45.0 46074.21091401465 4607421.091401464 11440.994724761644 1144099.4724761646 1016331.0 1016331.0 14160.940239741221 1416094.0239741222 6975.336133759354 21921.08512742958 4.699606242855625 4.699606242855625 1.7621724935426069 176.21724935426073 0.0771939021462394 7.7193902146239415 233.45877333335918 1.0 22.0 0.0
22620.008366584443 0.0 0.0 2567.3358386273303 83.14053371100697 1.0 100.0 0.4600000000000001 46.0 46241.010914014645 4624101.091401464 11454.194724761644 1145419.4724761646 1016331.0 1016331.0 14160.940239741221 1416094.0239741222 6975.336133759354 21921.08512742958 17.565477135798034 17.565477135798034 1.7621724935426069 176.21724935426073 0.07720632545549748 7.720632545549747 233.5185066666929 1.0 22.0 0.0
22680.008366584443 0.0 0.0 2599.9024354984804 84.4021110568203 1.0 100.0 0.4600000000000001 46.0 46407.81091401465 4640781.091401464 11467.394724761643 1146739.4724761646 1016331.0 1016331.0 14160.940239741221 1416094.0239741222 6975.336133759354 21921.08512742958 16.962793944069926 16.962793944069926 1.7621724935426069 176.21724935426073 0.07570413356436845 7.570413356436845 233.57824000002663 1.0 22.0 0.0
22740.008366584443 0.0 0.0 2632.469032369631 85.67597605938236 1.0 100.0 0.47000000000000014 47.0 46574.610914014644 4657461.091401464 11480.594724761644 1148059.4724761646 1016331.0 1016331.0 14160.940239741221 1416094.0239741222 6975.336133759354 21921.08512742958 14.75955793467133 14.75955793467133 1.7621724935426069 176.21724935426073 0.07683681676702918 7.683681676702919 233.63797333336035 1.0 22.0 0.0
22800.008366584443 0.009999999999999995 1.0 2664.626140546541 86.9755851158795 0.99 99.0 0.47000000000000014 47.0 46741.41091401465 4674141.091401464 11493.794724761643 1149379.4724761646 1016331.0 1016331.0 14161.53104499352 1416153.104499352 6975.336133759354 21921.08512742958 14.892414495364514 14.892414495364514 1.8029125386711413 180.29125386711416 0.07642386610100364 7.642386610100363 233.69770666669407 1.0 22.0 0.0
22860.008366584443 0.019999999999999993 2.0 2696.5436273161313 88.29695857426732 0.98 98.0 0.47000000000000014 47.0 46908.21091401465 4690821.091401464 11506.994724761644 1150699.4724761646 1016331.0 1016331.0 14162.44952639351 1416244.9526393514 6975.336133759354 21921.08512742958 7.350342407819181 7.350342407819181 1.844073032009737 184.4073032009737 0.07511145131736932 7.511145131736931 233.7574400000278 1.0 22.0 0.0
22920.008366584443 0.019999999999999993 2.0 2727.9363262785882 89.62920877778295 0.98 98.0 0.48 48.0 47075.010914014645 4707501.091401465 11520.194724761644 1152019.4724761646 1016331.0 1016331.0 14164.119587922383 1416411.9587922387 6975.336133759354 21921.08512742958 12.345817609724877 12.345817609724877 1.8412175591555298 184.121755915553 0.07556186711586019 7.556186711586017 233.81717333336152 1.0 22.0 0.0
22980.008366584443 0.019999999999999993 2.0 2759.3325982611527 90.98591179584119 0.98 98.0 0.48 48.0 47241.81091401465 4724181.091401465 11533.394724761643 1153339.4724761646 1016331.0 1016331.0 14165.587720946663 1416558.7720946667 6975.336133759354 21921.08512742958 11.325285726026658 11.325285726026658 1.837102875675809 183.71028756758093 0.0755841536979348 7.55841536979348 233.87690666669525 1.0 22.0 0.0
23040.008366584443 0.019999999999999993 2.0 2790.7238302682426 92.31225051716912 0.98 98.0 0.48 48.0 47408.99091401465 4740899.091401465 11546.214724761643 1154621.4724761646 1016331.0 1016331.0 14166.417903060445 1416641.7903060445 6975.336133759354 21921.08512742958 7.718373574227147 7.718373574227147 1.8375889000834962 183.75889000834965 0.07420874037170021 7.420874037170018 233.93664000002897 1.0 21.0 0.0
23100.008366584443 0.019999999999999993 2.0 2822.117288508334 93.64950794653204 0.98 98.0 0.48999999999999994 49.0 47576.39091401465 4757639.091401465 11558.814724761643 1155881.4724761646 1016331.0 1016331.0 14167.268403105738 1416726.8403105738 6975.336133759354 21921.08512742958 1.0520354085394739 1.0520354085394739 1.8405866650813707 184.05866650813707 0.07518353482057936 7.5183534820579325 233.9963733333627 1.0 21.0 0.0
23160.008366584443 0.019999999999999993 2.0 2853.161011973741 94.99921284417434 0.97 97.0 0.48999999999999994 49.0 47743.790914014644 4774379.091401465 11571.414724761644 1157141.4724761646 1016331.0 1016331.0 14168.106298805385 1416810.629880539 6975.336133759354 21921.08512742958 13.581052357734869 13.581052357734869 1.8680686431114195 186.806864311142 0.07446098616288145 7.446098616288147 234.05610666669642 1.0 21.0 0.0
23220.008366584443 0.019999999999999993 2.0 2883.571319901975 96.3446628955976 0.96 96.0 0.48999999999999994 49.0 47911.190914014645 4791119.091401465 11584.014724761644 1158401.4724761646 1016331.0 1016331.0 14168.92363774176 1416892.363774176 6975.336133759354 21921.08512742958 12.190684772533922 12.190684772533922 1.8973263128159226 189.73263128159226 0.07395876552328132 7.39587655232813 234.11584000003015 1.0 21.0 0.0
23280.008366584443 0.019999999999999993 2.0 2913.2204816707335 97.69151945915142 0.94 94.0 0.48999999999999994 49.0 48078.59091401465 4807859.091401465 11596.614724761645 1159661.4724761646 1016331.0 1016331.0 14169.744717850259 1416974.4717850264 6975.336133759354 21921.08512742958 3.2015240686206385 3.2015240686206385 1.9511299541827725 195.11299541827728 0.0744991406802726 7.449914068027259 234.17557333336387 1.0 21.0 0.0
23340.008366584443 0.019999999999999993 2.0 2942.2503705249246 99.03810595448961 0.94 94.0 0.48999999999999994 49.0 48245.99091401465 4824599.091401465 11609.214724761643 1160921.4724761646 1016331.0 1016331.0 14170.557823072366 1417055.7823072367 6975.336133759354 21921.08512742958 8.387114524016239 8.387114524016239 1.9522646172816607 195.22646172816604 0.07467748412704547 7.467748412704546 234.2353066666976 1.0 21.0 0.0
23400.008366584443 0.019999999999999993 2.0 2971.281036577379 100.39843468390373 0.94 94.0 0.5 50.0 48413.39091401465 4841339.091401465 11621.814724761643 1162181.4724761646 1016331.0 1016331.0 14171.373837404986 1417137.383740499 6975.336133759354 21921.08512742958 13.273834590235507 13.273834590235507 1.947933078874014 194.7933078874014 0.07427240824246041 7.42724082424604 234.29504000003132 1.0 21.0 0.0
23460.008366584443 0.019999999999999993 2.0 3000.312426001688 101.76055053319415 0.94 94.0 0.48999999999999994 49.0 48581.31091401465 4858131.091401465 11633.894724761643 1163389.4724761646 1016331.0 1016331.0 14172.198847037103 1417219.8847037104 6975.336133759354 21921.08512742958 4.45714845517059 4.45714845517059 1.942642932612713 194.2642932612713 0.07013707236398399 7.0137072363984 234.35477333336505 1.0 20.0 0.0
23520.008366584443 0.019999999999999993 2.0 3029.340158914334 103.09529042476515 0.94 94.0 0.48 48.0 48749.31091401465 4874931.091401465 11645.894724761643 1164589.4724761646 1016331.0 1016331.0 14173.031611497552 1417303.1611497554 6975.336133759354 21921.08512742958 6.786597015209532 6.786597015209532 1.9504505628579225 195.04505628579227 0.07075422231718373 7.075422231718372 234.41450666669877 1.0 20.0 0.0
23580.008366584443 0.019999999999999993 2.0 3058.3687754157095 104.41153933018623 0.94 94.0 0.48 48.0 48917.31091401465 4891731.091401465 11657.894724761643 1165789.4724761646 1016331.0 1016331.0 14173.859058974125 1417385.9058974127 6975.336133759354 21921.08512742958 3.8755615500969047 3.8755615500969047 1.9426713395659816 194.26713395659814 0.07260299797579334 7.260299797579333 234.4742400000325 1.0 20.0 0.0
23640.008366584443 0.03999999999999998 4.0 3086.9482615005522 105.70169805602943 0.9299999999999999 93.0 0.4600000000000001 46.0 49085.66091401465 4908566.091401465 11669.544724761643 1166954.4724761646 1016331.0 1016331.0 14175.373096607946 1417537.309660795 6975.336133759354 21921.08512742958 12.312602156933762 12.312602156933762 1.9876742142935409 198.7674214293541 0.06797729867384439 6.7977298673844375 234.53397333336622 1.0 19.0 0.0
23700.008366584443 0.03999999999999998 4.0 3115.414873732284 106.9584333775456 0.9299999999999999 93.0 0.4600000000000001 46.0 49254.00091401465 4925400.091401465 11681.204724761643 1168120.4724761646 1016331.0 1016331.0 14177.115968593625 1417711.5968593627 6975.336133759354 21921.08512742958 9.556365340898731 9.556365340898731 1.977347856459897 197.73478564598972 0.0724227082492154 7.2422708249215395 234.59370666669994 1.0 20.0 0.0
23760.008366584443 0.03999999999999998 4.0 3143.9167999179463 108.21455092624129 0.9299999999999999 93.0 0.4600000000000001 46.0 49422.00091401465 4942200.091401465 11693.204724761643 1169320.4724761646 1016331.0 1016331.0 14178.744313150873 1417874.431315088 6975.336133759354 21921.08512742958 7.8229345867180315 7.8229345867180315 1.9773042565980687 197.7304256598069 0.07178453367123862 7.178453367123861 234.65344000003367 1.0 20.0 0.0
23820.008366584443 0.03999999999999998 4.0 3172.4379432535934 109.44480879750478 0.9299999999999999 93.0 0.4600000000000001 46.0 49589.81091401465 4958981.091401465 11705.394724761643 1170539.4724761646 1016331.0 1016331.0 14180.82786313798 1418082.786313798 6975.336133759354 21921.08512742958 5.580704507530246 5.580704507530246 1.957161005933713 195.71610059337132 0.07417446950682711 7.41744695068271 234.7131733333674 1.0 21.0 0.0
23880.008366584443 0.03999999999999998 4.0 3200.9382805120536 110.69336148035558 0.92 92.0 0.47000000000000014 47.0 49757.21091401465 4975721.091401465 11717.994724761644 1171799.4724761643 1016331.0 1016331.0 14181.898065829912 1418189.8065829917 6975.336133759354 21921.08512742958 11.806445410377394 11.806445410377394 1.9885987418969906 198.8598741896991 0.0752229495400438 7.522294954004379 234.77290666670112 1.0 21.0 0.0
23940.008366584443 0.03999999999999998 4.0 3228.9338034039138 111.91546918906533 0.92 92.0 0.4600000000000001 46.0 49924.610914014644 4992461.091401465 11730.594724761644 1173059.4724761643 1016331.0 1016331.0 14182.72978672604 1418272.9786726043 6975.336133759354 21921.08512742958 11.353898475960058 11.353898475960058 1.9850978217356967 198.50978217356968 0.0751647792369096 7.516477923690958 234.83264000003484 1.0 21.0 0.0
24000.008366584443 0.03999999999999998 4.0 3256.9901214379265 113.070431614899 0.92 92.0 0.4600000000000001 46.0 50091.540914014644 5009154.091401465 11743.664724761644 1174366.4724761643 1016331.0 1016331.0 14183.563936030103 1418356.3936030103 6975.336133759354 21921.08512742958 1.4096811097701303 1.4096811097701303 1.9820736335861258 198.2073633586126 0.07507903582604487 7.507903582604485 234.89237333336857 1.0 21.0 0.0
24060.008366584443 0.05999999999999996 6.0 3284.229435013046 114.23272630943036 0.9 90.0 0.4700000000000001 47.0 50258.940914014645 5025894.091401465 11756.264724761644 1175626.4724761643 1016331.0 1016331.0 14185.498625600796 1418549.8625600797 6975.336133759354 21921.08512742958 6.602793431295451 6.602793431295451 2.0557043339262826 205.57043339262833 0.07390543839788019 7.390543839788014 234.9521066667023 1.0 21.0 0.0
24120.008366584443 0.05999999999999996 6.0 3311.1004350698404 115.42055363546615 0.9 90.0 0.4700000000000001 47.0 50426.32091401465 5042632.091401465 11768.884724761643 1176888.4724761643 1016331.0 1016331.0 14188.740980546403 1418874.0980546407 6975.336133759354 21921.08512742958 8.245597866908122 8.245597866908122 2.0330293446298624 203.3029344629863 0.07320994598066226 7.320994598066227 235.01184000003602 1.0 22.0 0.0
24180.008366584443 0.05999999999999996 6.0 3338.0407881542496 116.58955062167796 0.9 90.0 0.4600000000000001 46.0 50593.120914014646 5059312.091401465 11782.084724761644 1178208.4724761643 1016331.0 1016331.0 14191.997252231771 1419199.7252231773 6975.336133759354 21921.08512742958 3.943986170462951 3.943986170462951 2.0354445439061313 203.54445439061317 0.07397569659018462 7.397569659018461 235.07157333336974 1.0 22.0 0.0
24240.008366584443 0.05999999999999996 6.0 3364.9783454900576 117.77175284337889 0.9 90.0 0.47000000000000014 47.0 50759.92091401465 5075992.091401465 11795.284724761645 1179528.4724761643 1016331.0 1016331.0 14194.470860092453 1419447.0860092456 6975.336133759354 21921.08512742958 11.805820357798355 11.805820357798355 2.035135122448217 203.51351224482167 0.07546216973505526 7.546216973505528 235.13130666670347 1.0 22.0 0.0
24300.008366584443 0.05999999999999996 6.0 3391.030187015817 118.95048968953074 0.8800000000000001 88.0 0.4799999999999999 48.0 50926.720914014644 5092672.091401465 11808.484724761644 1180848.4724761643 1016331.0 1016331.0 14196.970442037287 1419697.0442037291 6975.336133759354 21921.08512742958 0.47632868941273626 0.47632868941273626 2.0861143589620275 208.6114358962028 0.07442251577382947 7.442251577382945 235.1910400000372 1.0 22.0 0.0
24360.008366584443 0.05999999999999996 6.0 3416.7615516425208 120.1267862767601 0.8800000000000001 88.0 0.47000000000000014 47.0 51093.64091401465 5109364.091401465 11821.564724761643 1182156.4724761643 1016331.0 1016331.0 14199.445737117852 1419944.5737117857 6975.336133759354 21921.08512742958 16.692934592248974 16.692934592248974 2.088326239623553 208.8326239623553 0.07175791761208752 7.17579176120875 235.25077333337092 1.0 21.0 0.0
24420.008366584443 0.05999999999999996 6.0 3442.4390490988117 121.30360684743354 0.8800000000000001 88.0 0.47000000000000014 47.0 51261.25091401465 5126125.091401465 11833.954724761643 1183395.4724761643 1016331.0 1016331.0 14201.953308067275 1420195.3308067278 6975.336133759354 21921.08512742958 6.625486312361384 6.625486312361384 2.102063230203619 210.206323020362 0.06910389811572057 6.910389811572058 235.31050666670464 1.0 20.0 0.0
24480.008366584443 0.05999999999999996 6.0 3468.1127247652157 122.46131265709457 0.8800000000000001 88.0 0.4600000000000001 46.0 51429.25091401465 5142925.091401465 11845.954724761643 1184595.4724761643 1016331.0 1016331.0 14204.493659409869 1420449.3659409874 6975.336133759354 21921.08512742958 1.2107627007168045 1.2107627007168045 2.1091692395831685 210.91692395831691 0.07002790261882902 7.002790261882902 235.37024000003836 1.0 20.0 0.0
24540.008366584443 0.05999999999999996 6.0 3493.2690230261014 123.5723089065167 0.87 87.0 0.44999999999999996 45.0 51597.25091401465 5159725.091401465 11857.954724761643 1185795.4724761643 1016331.0 1016331.0 14206.979375053843 1420697.9375053847 6975.336133759354 21921.08512742958 9.621043893244602 9.621043893244602 2.1338651389487913 213.3865138948792 0.06777254930325859 6.777254930325859 235.4299733333721 1.0 20.0 0.0
24600.008366584443 0.08 8.0 3517.994824590537 124.68101478683212 0.85 85.0 0.4600000000000001 46.0 51764.77091401465 5176477.091401465 11870.434724761644 1187043.4724761643 1016331.0 1016331.0 14210.038036209477 1421003.8036209478 6975.336133759354 21921.08512742958 3.360624911766835 3.360624911766835 2.19975258279171 219.9752582791711 0.07067361484103621 7.0673614841036185 235.4897066667058 1.0 21.0 0.0
24660.008366584443 0.09 9.0 3541.9196415486667 125.83046839154305 0.85 85.0 0.47000000000000003 47.0 51932.610914014644 5193261.091401465 11882.594724761644 1188259.4724761643 1016331.0 1016331.0 14214.558515008099 1421455.8515008104 6975.336133759354 21921.08512742958 5.800157849018003 5.800157849018003 2.2061475185515493 220.61475185515496 0.07194036701064309 7.194036701064308 235.54944000003954 1.0 20.0 0.0
24720.008366584443 0.09 9.0 3565.637210003429 126.9740351399939 0.8400000000000001 84.0 0.47000000000000003 47.0 52100.610914014644 5210061.091401464 11894.594724761644 1189459.4724761643 1016331.0 1016331.0 14219.681826672007 1421968.1826672012 6975.336133759354 21921.08512742958 12.971854973325406 12.971854973325406 2.246128015547765 224.61280155477652 0.0718249459128328 7.182494591283281 235.60917333337326 1.0 20.0 0.0
24780.008366584443 0.09999999999999999 10.0 3588.0669898502247 128.10793239567093 0.81 81.0 0.47000000000000003 47.0 52268.120914014646 5226812.091401464 11907.084724761644 1190708.4724761643 1016331.0 1016331.0 14225.427736993437 1422542.773699344 6975.336133759354 21921.08512742958 2.7391431557697326 2.7391431557697326 2.2978465136565807 229.78465136565805 0.07438008480518371 7.438008480518373 235.668906666707 1.0 21.0 0.0
24840.008366584443 0.09999999999999999 10.0 3609.6561761658695 129.26174407934718 0.81 81.0 0.48 48.0 52435.52091401465 5243552.091401464 11919.684724761644 1191968.4724761643 1016331.0 1016331.0 14231.319475904902 1423131.9475904906 6975.336133759354 21921.08512742958 17.882832465081673 17.882832465081673 2.291270186843849 229.12701868438495 0.07347009053165413 7.3470090531654115 235.7286400000407 1.0 21.0 0.0
24900.008366584443 0.09999999999999999 10.0 3631.2438482428156 130.43871971330492 0.81 81.0 0.48999999999999994 49.0 52602.92091401465 5260292.091401463 11932.284724761645 1193228.4724761643 1016331.0 1016331.0 14237.20349811034 1423720.3498110345 6975.336133759354 21921.08512742958 5.657420284825008 5.657420284825008 2.291885549435313 229.18855494353127 0.07569145480129805 7.569145480129806 235.78837333337444 1.0 21.0 0.0
24960.008366584443 0.10999999999999999 11.0 3652.462772223877 131.61598563709492 0.79 79.0 0.48999999999999994 49.0 52770.03091401465 5277003.091401463 11945.174724761644 1194517.4724761643 1016331.0 1016331.0 14243.562663753732 1424356.2663753734 6975.336133759354 21921.08512742958 6.993288418294831 6.993288418294831 2.3394977132855206 233.94977132855203 0.07486817223270369 7.486817223270367 235.84810666670816 1.0 21.0 0.0
25020.008366584443 0.11999999999999998 12.0 3672.713662859208 132.79461547237378 0.7799999999999999 78.0 0.48999999999999994 49.0 52937.18091401464 5293718.091401463 11958.024724761644 1195802.4724761643 1016331.0 1016331.0 14250.771685500798 1425077.16855008 6975.336133759354 21921.08512742958 8.145346769618145 8.145346769618145 2.3807768728378194 238.07768728378198 0.07627957795662625 7.627957795662624 235.9078400000419 1.0 22.0 0.0
25080.008366584443 0.13 13.0 3691.7457100208867 134.00325165203043 0.75 75.0 0.5 50.0 53104.57091401465 5310457.091401463 11970.634724761643 1197063.4724761643 1016331.0 1016331.0 14258.912517375935 1425891.251737594 6975.336133759354 21921.08512742958 17.804854796084562 17.804854796084562 2.443313715938943 244.33137159389426 0.07463471141667705 7.4634711416677035 235.9675733333756 1.0 21.0 0.0
25140.008366584443 0.13 13.0 3709.744254659035 135.2140322882311 0.7399999999999999 74.0 0.5 50.0 53271.970914014644 5327197.091401463 11983.234724761644 1198323.4724761643 1016331.0 1016331.0 14266.64853697545 1426664.8536975451 6975.336133759354 21921.08512742958 15.072450739657402 15.072450739657402 2.4675721768916987 246.75721768916992 0.07397108837967484 7.397108837967482 236.02730666670934 1.0 21.0 0.0
25200.008366584443 0.13 13.0 3727.1885512553745 136.41447685177926 0.73 73.0 0.48999999999999994 49.0 53439.400914014645 5343940.091401463 11995.804724761643 1199580.4724761643 1016331.0 1016331.0 14273.862021010249 1427386.2021010255 6975.336133759354 21921.08512742958 7.890728862051403 7.890728862051403 2.489383083183208 248.93830831832085 0.07670811420434716 7.670811420434715 236.08704000004306 1.0 22.0 0.0
25260.008366584443 0.13000000000000003 13.0 3743.5938164638787 137.59843715488955 0.71 71.0 0.5 50.0 53605.93091401464 5360593.091401463 12009.274724761644 1200927.4724761643 1016331.0 1016331.0 14281.186031015086 1428118.6031015092 6975.336133759354 21921.08512742958 4.882634662764974 4.882634662764974 2.5476389811483435 254.7638981148344 0.07391105253310554 7.3911052533105535 236.14677333337679 1.0 22.0 0.0
25320.008366584443 0.13000000000000003 13.0 3759.6494392116347 138.812596429166 0.7 70.0 0.5 50.0 53772.85091401465 5377285.091401463 12022.354724761644 1202235.4724761643 1016331.0 1016331.0 14289.878564167844 1428987.8564167847 6975.336133759354 21921.08512742958 9.501374328686069 9.501374328686069 2.561326376536267 256.1326376536268 0.07088490996832314 7.088490996832313 236.2065066667105 1.0 21.0 0.0
25380.008366584443 0.13999999999999999 14.0 3774.6049785324117 140.053749879541 0.67 67.0 0.51 51.0 53940.56091401465 5394056.091401464 12034.644724761643 1203464.4724761643 1016331.0 1016331.0 14300.778928160576 1430077.8928160577 6975.336133759354 21921.08512742958 1.1646225180268226 1.1646225180268226 2.6508359825502774 265.08359825502777 0.06884114454150769 6.88411445415077 236.26624000004423 1.0 20.0 0.0
25440.008366584443 0.13999999999999999 14.0 3788.410749937456 141.35036330771942 0.67 67.0 0.52 52.0 54109.400914014645 5410940.091401464 12045.804724761643 1204580.4724761643 1016331.0 1016331.0 14312.51228355679 1431251.2283556792 6975.336133759354 21921.08512742958 17.701918929784938 17.701918929784938 2.6581637143671153 265.81637143671156 0.06406376506064525 6.406376506064523 236.32597333337796 1.0 18.0 0.0
25500.008366584443 0.15999999999999998 16.0 3801.196198542346 142.6802581092319 0.65 65.0 0.52 52.0 54278.60091401465 5427860.091401464 12056.604724761644 1205660.4724761643 1016331.0 1016331.0 14325.524876497886 1432552.4876497888 6975.336133759354 21921.08512742958 2.2423280941028536 2.2423280941028536 2.730406683771241 273.04066837712406 0.06469709678049962 6.469709678049963 236.38570666671168 1.0 18.0 0.0
25560.008366584443 0.17 17.0 3812.46666253995 144.0580020881414 0.6 60.0 0.55 55.0 54447.20091401465 5444720.091401464 12068.004724761644 1206800.4724761643 1016331.0 1016331.0 14338.543472268726 1433854.3472268728 6975.336133759354 21921.08512742958 12.230125409723367 12.230125409723367 2.8189028206166706 281.89028206166705 0.06875222907568924 6.875222907568924 236.4454400000454 1.0 20.0 0.0
25620.008366584443 0.18000000000000002 18.0 3821.8075766727266 145.4886090815596 0.5900000000000001 59.0 0.5700000000000001 57.0 54615.370914014646 5461537.091401464 12079.834724761644 1207983.4724761643 1016331.0 1016331.0 14351.186756661711 1435118.6756661716 6975.336133759354 21921.08512742958 6.555082572660635 6.555082572660635 2.8831921118006023 288.31921118006017 0.06398945747191735 6.3989457471917355 236.50517333337913 1.0 18.0 0.0
25680.008366584443 0.19000000000000003 19.0 3830.915778275581 147.00679095587165 0.58 58.0 0.58 58.0 54784.66091401465 5478466.091401464 12090.544724761643 1209054.4724761643 1016331.0 1016331.0 14362.416893184522 1436241.689318452 6975.336133759354 21921.08512742958 1.9585153093561196 1.9585153093561196 2.9322426059435376 293.2242605943538 0.06058262990090223 6.058262990090221 236.56490666671286 1.0 17.0 0.0
25740.008366584443 0.2 20.0 3838.331678303465 148.53979057536424 0.54 54.0 0.58 58.0 54954.46091401465 5495446.091401464 12100.744724761644 1210074.4724761643 1016331.0 1016331.0 14374.712332652172 1437471.2332652174 6975.336133759354 21921.08512742958 12.420886334827282 12.420886334827282 3.050393406992364 305.03934069923645 0.06135992369261001 6.135992369261001 236.62464000004658 1.0 17.0 0.0
25800.008366584443 0.2 20.0 3844.654824968309 150.09830337201595 0.54 54.0 0.5900000000000001 59.0 55124.21091401465 5512421.091401464 12110.994724761644 1211099.4724761643 1016331.0 1016331.0 14387.153448382438 1438715.3448382441 6975.336133759354 21921.08512742958 17.53852545094812 17.53852545094812 3.0488372727928295 304.883727279283 0.0646894375977148 6.468943759771481 236.6843733333803 1.0 18.0 0.0
25860.008366584443 0.21000000000000002 21.0 3851.028929534416 151.6257957774415 0.54 54.0 0.5900000000000001 59.0 55293.41091401465 5529341.091401464 12121.794724761643 1212179.4724761643 1016331.0 1016331.0 14399.517587217353 1439951.7587217358 6975.336133759354 21921.08512742958 10.92378318975636 10.92378318975636 3.0290975361305366 302.9097536130537 0.06376187214914272 6.376187214914272 236.74410666671403 1.0 18.0 0.0
25920.008366584443 0.21999999999999997 22.0 3856.548724637393 153.1472124785783 0.52 52.0 0.58 58.0 55461.970914014644 5546197.091401464 12133.234724761644 1213323.4724761643 1016331.0 1016331.0 14412.703267571005 1441270.3267571006 6975.336133759354 21921.08512742958 10.437129758203175 10.437129758203175 3.05026193124928 305.026193124928 0.06808946720292813 6.808946720292814 236.80384000004776 1.0 20.0 0.0
25980.008366584443 0.21999999999999997 22.0 3861.927123245498 154.61597951989995 0.52 52.0 0.58 58.0 55629.43091401464 5562943.091401464 12145.774724761644 1214577.4724761643 1016331.0 1016331.0 14426.156747894527 1442615.6747894527 6975.336133759354 21921.08512742958 12.112587858740781 12.112587858740781 3.036232004904634 303.62320049046355 0.07524375794698182 7.524375794698184 236.86357333338148 1.0 22.0 0.0
26040.008366584443 0.21999999999999997 22.0 3867.3650863532207 156.0604175003757 0.52 52.0 0.5700000000000001 57.0 55796.230914014646 5579623.091401464 12158.974724761643 1215897.4724761643 1016331.0 1016331.0 14439.124293366953 1443912.4293366955 6975.336133759354 21921.08512742958 14.8586268636641 14.8586268636641 3.0442803263554423 304.4280326355443 0.07366593082896572 7.366593082896573 236.9233066667152 1.0 22.0 0.0
26100.008366584443 0.21000000000000002 21.0 3872.3944784235805 157.50482493443238 0.51 51.0 0.58 58.0 55963.03091401465 5596303.091401464 12172.174724761644 1217217.4724761643 1016331.0 1016331.0 14452.846686490557 1445284.6686490558 6975.336133759354 21921.08512742958 14.110956878942693 14.110956878942693 3.0677588760853096 306.775887608531 0.07312913793511501 7.312913793511501 236.98304000004893 1.0 22.0 0.0
26160.008366584443 0.19999999999999998 20.0 3876.4368710451663 159.00494079758295 0.49 49.0 0.6 60.0 56129.67091401465 5612967.091401464 12185.534724761645 1218553.4724761643 1016331.0 1016331.0 14466.206045171517 1446620.604517152 6975.336133759354 21921.08512742958 12.959345009732713 12.959345009732713 3.1020694398287407 310.2069439828742 0.07669515072951692 7.669515072951692 237.04277333338266 1.0 23.0 0.0
26220.008366584443 0.21000000000000002 21.0 3879.269677827771 160.52795736260526 0.47000000000000003 47.0 0.6100000000000001 61.0 56295.56091401465 5629556.091401464 12199.644724761643 1219964.4724761643 1016331.0 1016331.0 14479.551996678492 1447955.1996678496 6975.336133759354 21921.08512742958 1.4311600519468661 1.4311600519468661 3.1407056775980497 314.070567759805 0.07971521892646873 7.971521892646874 237.10250666671638 1.0 24.0 0.0
26280.008366584443 0.21000000000000002 21.0 3881.2030784690896 162.02973952833682 0.45 45.0 0.6100000000000001 61.0 56459.75091401465 5645975.091401464 12215.454724761643 1221545.4724761643 1016331.0 1016331.0 14493.327957680514 1449332.7957680516 6975.336133759354 21921.08512742958 7.344636719750194 7.344636719750194 3.1624002128569417 316.2400212856942 0.0843332499678318 8.433324996783181 237.1622400000501 1.0 27.0 0.0
26340.008366584443 0.23 23.0 3882.697242690217 163.51597283318338 0.44000000000000006 44.0 0.6199999999999999 62.0 56623.53091401465 5662353.091401464 12231.674724761644 1223167.4724761643 1016331.0 1016331.0 14509.096754121107 1450909.6754121105 6975.336133759354 21921.08512742958 4.144315868737172 4.144315868737172 3.1674561815817315 316.74561815817333 0.090463413983312 9.046341398331199 237.22197333338383 1.0 28.000000000000004 0.0
26400.008366584443 0.23999999999999994 24.0 3883.515554454331 164.99472528420569 0.43 43.0 0.6100000000000001 61.0 56786.60091401465 5678660.091401464 12248.604724761644 1224860.4724761643 1016331.0 1016331.0 14524.023244780115 1452402.3244780116 7010.433866601746 21921.08512742958 1.166414105510291 1.166414105510291 3.187238922695378 318.7238922695377 0.08963060839237161 8.96306083923716 237.28170666671755 1.0 28.999999999999996 0.0
26460.008366584443 0.25 25.0 3884.005570649551 166.44639970151908 0.42000000000000004 42.0 0.6 60.0 56948.900914014645 5694890.091401464 12266.304724761643 1226630.4724761643 1016331.0 1016331.0 14539.492929206224 1453949.2929206223 7093.101178778224 21921.08512742958 12.204474530006967 12.204474530006967 3.2373221507664187 323.7322150766419 0.09209713584595615 9.209713584595614 237.34144000005128 1.0 30.0 0.0
26520.008366584443 0.25 25.0 3884.3246704669327 167.82887805949392 0.42000000000000004 42.0 0.5900000000000001 59.0 57110.900914014645 5711090.091401464 12284.304724761643 1228430.4724761643 1016331.0 1016331.0 14555.208579802777 1455520.8579802779 7177.4190555575415 21921.08512742958 13.186786335626664 13.186786335626664 3.21859469807582 321.859469807582 0.09136687721450572 9.13668772145057 237.401173333385 1.0 30.0 0.0
26580.008366584443 0.25 25.0 3884.3314254953234 169.23642005299067 0.4 40.0 0.5999999999999999 60.0 57272.78091401465 5727278.091401464 12302.424724761644 1230242.4724761643 1016331.0 1016331.0 14570.292794872656 1457029.2794872655 7263.127227454419 21921.08512742958 3.875740561670529 3.875740561670529 3.274479471236063 327.4479471236063 0.08893845055038925 8.893845055038925 237.46090666671873 1.0 30.0 0.0
26640.008366584443 0.27 27.0 3882.6722844603323 170.66401684757372 0.36000000000000004 36.0 0.6100000000000001 61.0 57434.78091401465 5743478.091401464 12320.424724761644 1232042.4724761643 1016331.0 1016331.0 14586.354221498334 1458635.4221498333 7349.491343626694 21921.08512742958 9.782494254476662 9.782494254476662 3.3841736087091983 338.4173608709198 0.08980283734650253 8.98028373465025 237.52064000005245 1.0 30.0 0.0
26700.008366584443 0.27 27.0 3879.69926958528 172.13521455518466 0.35 35.0 0.6199999999999999 62.0 57596.790914014644 5759679.091401464 12338.414724761644 1233841.4724761643 1016331.0 1016331.0 14603.254188633033 1460325.4188633035 7435.469992850614 21921.08512742958 1.3535598144404746 1.3535598144404746 3.393909109413668 339.3909109413668 0.08951012369381738 8.951012369381736 237.58037333338618 1.0 28.999999999999996 0.0
26760.008366584443 0.27 27.0 3876.013959185807 173.61710871553427 0.32999999999999996 33.0 0.6199999999999999 62.0 57758.95091401465 5775895.091401464 12356.254724761644 1235625.4724761643 1016331.0 1016331.0 14619.408303264974 1461940.8303264976 7520.2673155463235 21921.08512742958 16.050795040139327 16.050795040139327 3.4646030850647342 346.46030850647355 0.09216310074736696 9.216310074736697 237.6401066667199 1.0 31.0 0.0
26820.008366584443 0.27 27.0 3871.2196980971057 175.07881002542845 0.31999999999999995 32.0 0.6199999999999999 62.0 57920.14091401465 5792014.091401464 12375.064724761643 1237506.4724761643 1016331.0 1016331.0 14635.420924987624 1463542.092498762 7606.391761141306 21921.08512742958 12.030212022535272 12.030212022535272 3.460153696591555 346.01536965915545 0.09195906387544367 9.195906387544364 237.69984000005363 1.0 33.0 0.0
26880.008366584443 0.2799999999999999 28.0 3866.0745820385305 176.5097196613355 0.30999999999999994 31.0 0.6100000000000001 61.0 58080.760914014645 5808076.091401464 12394.444724761644 1239444.4724761643 1016331.0 1016331.0 14651.662041223593 1465166.2041223592 7692.310082390491 21921.08512742958 0.17655497100474538 0.17655497100474538 3.496971155558133 349.69711555581324 0.09003620524490699 9.003620524490694 237.75957333338735 1.0 31.0 0.0
26940.008366584443 0.2799999999999999 28.0 3860.1691937649257 177.94861186510101 0.29 29.0 0.6100000000000001 61.0 58242.16091401465 5824216.091401464 12413.044724761643 1241304.4724761643 1016331.0 1016331.0 14668.852806356192 1466885.2806356195 7775.32975813933 21958.117357073806 6.597721058989089 6.597721058989089 3.542856726550639 354.28567265506393 0.08968817625185428 8.968817625185427 237.81930666672108 1.0 31.0 0.0
27000.008366584443 0.2899999999999999 29.0 3852.775980784427 179.36773068808853 0.27 27.0 0.6 60.0 58403.84091401465 5840384.091401464 12431.364724761645 1243136.4724761643 1016331.0 1016331.0 14686.681975653777 1468668.1975653777 7838.497915202405 22039.587784758536 9.950394295583273 9.950394295583273 3.5995518369324753 359.95518369324736 0.08799458175465534 8.79945817546553 237.8790400000548 1.0 31.0 0.0
27060.008366584443 0.3000000000000001 30.0 3844.643282171663 180.79519518510315 0.26 26.0 0.6 60.0 58565.730914014646 5856573.091401464 12449.474724761643 1244947.4724761643 1016331.0 1016331.0 14704.492334364313 1470449.2334364313 7838.497915202405 22060.27173726614 12.090382395504085 12.090382395504085 3.656592121631184 365.6592121631184 0.08518460787631216 8.518460787631215 237.93877333338853 1.0 30.0 0.0
27120.008366584443 0.3000000000000001 30.0 3835.5138348183114 182.22758234389113 0.23999999999999996 24.0 0.6 60.0 58726.95091401465 5872695.091401464 12468.254724761644 1246825.4724761643 1016331.0 1016331.0 14721.527673140426 1472152.7673140424 7838.497915202405 22060.27173726614 10.217986025445873 10.217986025445873 3.691423373320501 369.14233733205003 0.08267406035980063 8.267406035980063 237.99850666672225 1.0 31.0 0.0
27180.008366584443 0.3000000000000001 30.0 3826.099503061321 183.66864992685868 0.23999999999999996 24.0 0.6 60.0 58888.27091401465 5888827.091401464 12486.934724761644 1248693.4724761643 1016331.0 1016331.0 14738.74678188676 1473874.6781886762 7838.497915202405 22060.27173726614 7.8997425877613825 7.8997425877613825 3.700270367777383 370.02703677773826 0.08226498750031086 8.226498750031086 238.05824000005597 1.0 31.0 0.0
27240.008366584443 0.3000000000000001 30.0 3816.6000279346995 185.0946261531519 0.23 23.0 0.6 60.0 59049.67091401465 5904967.091401464 12505.534724761645 1250553.4724761643 1016331.0 1016331.0 14756.083551847349 1475608.355184735 7838.497915202405 22060.27173726614 4.710403613526209 4.710403613526209 3.7314722300793126 373.14722300793136 0.0818635908756452 8.18635908756452 238.1179733333897 1.0 31.0 0.0
27300.008366584443 0.31 31.0 3806.5163756725497 186.5132379875356 0.21999999999999997 22.0 0.6 60.0 59210.38091401465 5921038.091401464 12524.824724761644 1252482.4724761643 1016331.0 1016331.0 14773.847134742251 1477384.713474225 7838.497915202405 22060.27173726614 7.591877860787225 7.591877860787225 3.706393101200005 370.63931012000063 0.0865549538775187 8.65549538775187 238.17770666672342 1.0 33.0 0.0
27360.008366584443 0.31 31.0 3796.1492090793786 187.9124796698959 0.21999999999999997 22.0 0.5900000000000001 59.0 59370.00091401465 5937000.091401464 12545.204724761645 1254520.4724761643 1016331.0 1016331.0 14791.848853529036 1479184.885352904 7838.497915202405 22060.27173726614 13.45455139823722 13.45455139823722 3.6824214260940056 368.24214260940056 0.08691550926734838 8.69155092673484 238.23744000005715 1.0 34.0 0.0
27420.008366584443 0.31 31.0 3785.7727496936673 189.2837586638171 0.21999999999999997 22.0 0.5900000000000001 59.0 59529.580914014645 5952958.091401464 12565.624724761643 1256562.4724761643 1016331.0 1016331.0 14809.48913546284 1480948.9135462844 7838.497915202405 22060.27173726614 0.18036899647794913 0.18036899647794913 3.6782214259281916 367.82214259281926 0.09161070786392525 9.161070786392523 238.29717333339087 1.0 35.0 0.0
27480.008366584443 0.31 31.0 3775.556661663736 190.6329682630036 0.21999999999999997 22.0 0.5900000000000001 59.0 59687.77091401465 5968777.091401464 12587.434724761644 1258743.4724761643 1016331.0 1016331.0 14827.321168317207 1482732.116831721 7838.497915202405 22060.27173726614 7.666596865491693 7.666596865491693 3.6658843455295598 366.58843455295585 0.09177018276426312 9.17701827642631 238.3569066667246 1.0 37.0 0.0
27540.008366584443 0.31 31.0 3765.3144879151055 191.97978638850356 0.21000000000000002 21.0 0.5900000000000001 59.0 59845.57091401465 5984557.091401464 12609.634724761643 1260963.4724761643 1016331.0 1016331.0 14844.5889099819 1484458.8909981907 7838.497915202405 22060.27173726614 9.14618905968382 9.14618905968382 3.6531609789652237 365.3160978965224 0.0932048906028273 9.320489060282728 238.41664000005832 1.0 37.0 0.0
27600.008366584443 0.3400000000000001 34.0 3753.8567838317904 193.30530741168107 0.18000000000000002 18.0 0.5900000000000001 59.0 60002.760914014645 6000276.091401464 12632.444724761644 1263244.4724761643 1016331.0 1016331.0 14862.157628414858 1486215.762841486 7838.497915202405 22060.27173726614 11.3000512959426 11.3000512959426 3.7499368193325964 374.9936819332596 0.09872390803547147 9.872390803547146 238.47637333339205 1.0 40.0 0.0
27660.008366584443 0.35 35.0 3741.6840029103055 194.56603093189696 0.18000000000000002 18.0 0.58 58.0 60158.46091401465 6015846.091401464 12656.744724761644 1265674.4724761643 1016331.0 1016331.0 14882.028125870782 1488202.8125870784 7838.497915202405 22060.27173726614 6.082965006290884 6.082965006290884 3.7024831329982453 370.24831329982453 0.10460991234401114 10.460991234401114 238.53610666672577 1.0 41.0 0.0
27720.008366584443 0.35 35.0 3729.626061925292 195.79431332435277 0.18000000000000002 18.0 0.58 58.0 60313.040914014644 6031304.091401464 12682.164724761644 1268216.4724761643 1016331.0 1016331.0 14902.807511612764 1490280.7511612766 7838.497915202405 22060.27173726614 12.65407840841949 12.65407840841949 3.7093564928287788 370.93564928287816 0.10956910442569706 10.956910442569706 238.5958400000595 1.0 43.0 0.0
27780.008366584443 0.35 35.0 3717.521623645878 197.01409515494953 0.17 17.0 0.58 58.0 60467.18091401464 6046718.091401464 12708.024724761644 1270802.4724761643 1016331.0 1016331.0 14925.042782474558 1492504.2782474558 7838.497915202405 22060.27173726614 4.603036040216127 4.603036040216127 3.696943368358171 369.6943368358169 0.11097908597445191 11.09790859744519 238.65557333339322 1.0 44.0 0.0
27840.008366584443 0.36000000000000004 36.0 3704.7877014799615 198.23551808849788 0.16 16.0 0.58 58.0 60620.510914014645 6062051.091401464 12734.694724761644 1273469.4724761643 1016331.0 1016331.0 14946.948888436822 1494694.8888436824 7838.497915202405 22060.27173726614 11.0770422080632 11.0770422080632 3.7216734564944125 372.1673456494411 0.11148784410518099 11.148784410518099 238.71530666672695 1.0 45.0 0.0
27900.008366584443 0.36999999999999994 37.0 3691.777819959336 199.4192408235559 0.16 16.0 0.5700000000000001 57.0 60773.510914014645 6077351.091401464 12761.694724761644 1276169.4724761643 1016331.0 1016331.0 14969.301363771665 1496930.136377167 7838.497915202405 22060.27173726614 7.821262126109576 7.821262126109576 3.7078470376147608 370.7847037614761 0.11428014672780314 11.428014672780312 238.77504000006067 1.0 45.0 0.0
27960.008366584443 0.36999999999999994 37.0 3678.7393166639554 200.58743706196682 0.16 16.0 0.5700000000000001 57.0 60926.68091401464 6092668.091401464 12788.524724761644 1278852.4724761643 1016331.0 1016331.0 14990.12285562389 1499012.285562389 7838.497915202405 22060.27173726614 1.7736907661352523 1.7736907661352523 3.7527086893172306 375.27086893172304 0.1121535007830568 11.215350078305683 238.8347733333944 1.0 44.0 0.0
28020.008366584443 0.38000000000000006 38.0 3665.6612466920064 201.72305940918991 0.16 16.0 0.5599999999999999 56.0 61080.28091401465 6108028.091401464 12814.924724761644 1281492.4724761643 1016331.0 1016331.0 15010.043686251205 1501004.368625121 7838.497915202405 22060.27173726614 5.024608615238222 5.024608615238222 3.7352499632606695 373.52499632606697 0.11396854094277446 11.39685409427745 238.89450666672812 1.0 44.0 0.0
28080.008366584443 0.39 39.0 3652.6002482610847 202.83929453609437 0.16 16.0 0.5500000000000002 55.0 61233.790914014644 6123379.091401464 12841.414724761644 1284141.4724761643 1016331.0 1016331.0 15031.543751180796 1503154.3751180796 7863.009970744794 22060.27173726614 8.339835381064242 8.339835381064242 3.7322489318154353 373.2248931815436 0.11714329061926582 11.714329061926579 238.95424000006184 1.0 45.0 0.0
28140.008366584443 0.39 39.0 3639.438683512828 203.9098533300381 0.15 15.0 0.5500000000000002 55.0 61386.10091401465 6138610.091401464 12869.104724761644 1286910.472476164 1016331.0 1016331.0 15051.304519988109 1505130.4519988112 7945.3937535920295 22060.27173726614 2.731933279179296 2.731933279179296 3.729377670584018 372.93776705840173 0.12296766343474079 12.296766343474076 239.01397333339557 1.0 47.0 0.0
28200.008366584443 0.39 39.0 3625.9982485421338 204.96935376518954 0.15 15.0 0.5500000000000002 55.0 61537.690914014645 6153769.091401464 12897.514724761644 1289751.472476164 1016331.0 1016331.0 15070.941589333212 1507094.1589333217 8032.178896889644 22060.27173726614 12.840618673669399 12.840618673669399 3.7392980281879655 373.92980281879653 0.12309425656366102 12.3094256563661 239.0737066667293 1.0 48.0 0.0
28260.008366584443 0.39 39.0 3612.6657512735324 206.0186607136747 0.15 15.0 0.5500000000000002 55.0 61688.400914014645 6168840.091401464 12926.804724761643 1292680.472476164 1016331.0 1016331.0 15090.13214782898 1509013.2147828983 8074.632236895676 22060.27173726614 15.298725241697875 15.298725241697875 3.704869851582467 370.48698515824674 0.12401798116274874 12.401798116274872 239.13344000006302 1.0 49.0 0.0
28320.008366584443 0.39 39.0 3599.3391031883543 207.0705243128896 0.15 15.0 0.5500000000000002 55.0 61839.06091401465 6183906.091401464 12956.144724761643 1295614.472476164 1016331.0 1016331.0 15108.113436016565 1510811.3436016564 8074.632236895676 22060.27173726614 10.025469311866924 10.025469311866924 3.6985482836595143 369.85482836595145 0.11838478219486938 11.838478219486937 239.19317333339674 1.0 48.0 0.0
28380.008366584443 0.39 39.0 3586.056464640115 208.14485490383834 0.15 15.0 0.5500000000000002 55.0 61990.080914014645 6199008.091401464 12985.124724761643 1298512.472476164 1016331.0 1016331.0 15127.159437818356 1512715.943781836 8074.632236895676 22081.925635268348 16.421793879225127 16.421793879225127 3.6892401005730884 368.9240100573089 0.11730243342748281 11.730243342748286 239.25290666673047 1.0 48.0 0.0
28440.008366584443 0.39999999999999997 40.0 3572.734928934077 209.22883071654158 0.15 15.0 0.54 54.0 62141.28091401465 6214128.091401464 13013.924724761644 1301392.472476164 1016331.0 1016331.0 15145.775125923725 1514577.5125923732 8074.632236895676 22169.327903233687 8.020861567022216 8.020861567022216 3.688101528641666 368.8101528641666 0.11953899751335258 11.953899751335259 239.3126400000642 1.0 48.0 0.0
28500.008366584443 0.4099999999999999 41.0 3559.4547887490107 210.23855019258423 0.15 15.0 0.52 52.0 62292.02091401465 6229202.091401464 13043.184724761644 1304318.472476164 1016331.0 1016331.0 15164.53945842976 1516453.9458429764 8074.632236895676 22212.4145553975 17.88604186158433 17.88604186158433 3.6885373799715095 368.85373799715086 0.12157413030297373 12.157413030297377 239.37237333339792 1.0 50.0 0.0
28560.008366584443 0.4099999999999999 41.0 3546.0520958293187 211.1785386892572 0.13999999999999999 14.0 0.52 52.0 62441.52091401465 6244152.091401464 13073.684724761644 1307368.472476164 1016331.0 1016331.0 15181.44924942885 1518144.924942885 8074.632236895676 22212.4145553975 12.398690500505023 12.398690500505023 3.681006949416746 368.1006949416747 0.12451292101010632 12.45129210101063 239.43210666673164 1.0 51.0 0.0
28620.008366584443 0.42000000000000004 42.0 3532.423525369481 212.07059763754174 0.13999999999999999 14.0 0.5100000000000001 51.0 62590.38091401465 6259038.091401464 13104.824724761644 1310482.4724761643 1016331.0 1016331.0 15199.331227468412 1519933.1227468413 8074.632236895676 22212.4145553975 15.552944296670608 15.552944296670608 3.665506952039689 366.55069520396904 0.12710137982426783 12.710137982426787 239.49184000006537 1.0 52.0 0.0
28680.008366584443 0.4300000000000001 43.0 3518.5781808786614 212.96249252631966 0.13 13.0 0.5100000000000001 51.0 62739.18091401464 6273918.091401464 13136.024724761644 1313602.4724761643 1016331.0 1016331.0 15218.361138510803 1521836.1138510806 8074.632236895676 22212.4145553975 13.959559303995913 13.959559303995913 3.71915965321841 371.915965321841 0.12528364930637959 12.52836493063796 239.5515733333991 1.0 52.0 0.0
28740.008366584443 0.4300000000000001 43.0 3504.4497197580104 213.8531648429146 0.13 13.0 0.5100000000000001 51.0 62887.91091401465 6288791.091401464 13167.294724761643 1316729.4724761643 1016331.0 1016331.0 15239.251165365662 1523925.116536566 8074.632236895676 22212.4145553975 5.901910299087195 5.901910299087195 3.677817371666284 367.7817371666285 0.12848729191833175 12.84872919183318 239.61130666673282 1.0 53.0 0.0
28800.008366584443 0.4300000000000001 43.0 3490.3973181314677 214.7533683731614 0.13 13.0 0.5100000000000001 51.0 63035.74091401465 6303574.091401464 13199.464724761643 1319946.4724761643 1016331.0 1016331.0 15260.167375606936 1526016.7375606936 8074.632236895676 22212.4145553975 17.94896319997371 17.94896319997371 3.6789059710262526 367.89059710262535 0.12444912289982266 12.444912289982272 239.67104000006654 1.0 54.0 0.0
28860.008366584443 0.44 44.0 3476.4503609822004 215.62004504707718 0.13 13.0 0.5 50.0 63182.580914014645 6318258.091401464 13232.624724761643 1323262.4724761643 1016331.0 1016331.0 15280.6554709299 1528065.54709299 8074.632236895676 22212.4145553975 1.87172264318326 1.87172264318326 3.604074784181704 360.40747841817046 0.1270358207621634 12.703582076216343 239.73077333340026 1.0 57.99999999999999 0.0
28920.008366584443 0.44 44.0 3462.694683541075 216.4783597945402 0.13 13.0 0.5100000000000001 51.0 63327.67091401465 6332767.091401464 13267.534724761645 1326753.4724761643 1016331.0 1016331.0 15300.640937869402 1530064.09378694 8074.632236895676 22212.4145553975 8.001091947078802 8.001091947078802 3.654597681894649 365.45976818946485 0.12600119893130374 12.600119893130373 239.790506666734 1.0 57.99999999999999 0.0
28980.008366584443 0.4600000000000001 46.0 3448.47250259055 217.35078639553234 0.12 12.0 0.5 50.0 63472.360914014644 6347236.091401464 13302.844724761644 1330284.4724761643 1016331.0 1016331.0 15320.151868590709 1532015.1868590713 8074.632236895676 22212.4145553975 8.338235128641683 8.338235128641683 3.6928964817294023 369.2896481729403 0.12989716031753362 12.989716031753362 239.8502400000677 1.0 59.0 0.0
29040.008366584443 0.47000000000000014 47.0 3434.1294120102198 218.19324545572348 0.11 11.0 0.5 50.0 63616.96091401465 6361696.091401464 13338.244724761644 1333824.472476164 1016331.0 1016331.0 15340.635691899526 1534063.569189953 8074.632236895676 22212.4145553975 9.801606783031671 9.801606783031671 3.652821754859465 365.2821754859465 0.12851901595279772 12.85190159527977 239.90997333340144 1.0 59.0 0.0
29100.008366584443 0.47000000000000014 47.0 3419.382226823437 219.0324416932243 0.11 11.0 0.5 50.0 63761.32091401465 6376132.091401464 13373.884724761643 1337388.472476164 1016331.0 1016331.0 15361.25703528903 1536125.7035289032 8074.632236895676 22212.4145553975 4.863663194574713 4.863663194574713 3.668581520990965 366.85815209909674 0.13277979410838817 13.27797941083881 239.96970666673516 1.0 60.0 0.0
29160.008366584443 0.47000000000000014 47.0 3404.6999433266587 219.86297294755815 0.11 11.0 0.5 50.0 63904.84091401465 6390484.091401464 13410.364724761645 1341036.472476164 1016331.0 1016331.0 15380.47054031172 1538047.0540311723 8074.632236895676 22212.4145553975 3.3129738241690228 3.3129738241690228 3.6823805975593875 368.2380597559387 0.13284255737742034 13.284255737742036 240.0294400000689 1.0 61.0 0.0
29220.008366584443 0.47000000000000014 47.0 3389.925153088063 220.7010430060363 0.1 10.0 0.5 50.0 64048.63091401465 6404863.091401464 13446.574724761644 1344657.472476164 1016331.0 1016331.0 15401.12574773083 1540112.5747730832 8074.632236895676 22212.4145553975 11.195590481748184 11.195590481748184 3.6846710844632056 368.4671084463205 0.13116602254986193 13.116602254986192 240.0891733334026 1.0 60.0 0.0
29280.008366584443 0.48 48.0 3374.8083657612956 221.5062923937556 0.1 10.0 0.48999999999999994 49.0 64192.03091401465 6419203.091401464 13483.174724761644 1348317.472476164 1016331.0 1016331.0 15421.684305045981 1542168.4305045982 8074.632236895676 22212.4145553975 0.5848677630446817 0.5848677630446817 3.678376340144056 367.8376340144056 0.1338002772183475 13.380027721834756 240.14890666673634 1.0 61.0 0.0
29340.008366584443 0.48 48.0 3359.6233846622754 222.3033129998293 0.1 10.0 0.48999999999999994 49.0 64335.78091401465 6433578.091401464 13519.424724761644 1351942.472476164 1016331.0 1016331.0 15442.656066046744 1544265.6066046744 8074.632236895676 22212.4145553975 16.71492062176648 16.71492062176648 3.6810440313543125 368.1044031354312 0.1356558619329604 13.565586193296042 240.20864000007006 1.0 61.0 0.0
29400.008366584443 0.4899999999999999 49.0 3344.479751140893 223.08005515676817 0.1 10.0 0.48 48.0 64479.290914014644 6447929.091401464 13555.914724761644 1355591.472476164 1016331.0 1016331.0 15463.489000804875 1546348.9000804876 8130.888971482552 22212.4145553975 0.6420796603338266 0.6420796603338266 3.665522521273575 366.55225212735763 0.1349498003159585 13.494980031595846 240.2683733334038 1.0 61.0 0.0
29460.008366584443 0.5 50.0 3329.3603653505697 223.8074896714076 0.1 10.0 0.47000000000000003 47.0 64622.480914014646 6462248.091401464 13592.724724761643 1359272.472476164 1016331.0 1016331.0 15485.015451082927 1548501.545108293 8212.121395741131 22212.4145553975 6.184254977530086 6.184254977530086 3.674682483967714 367.46824839677157 0.13990917017338106 13.990917017338106 240.3281066667375 1.0 63.0 0.0
29520.008366584443 0.5 50.0 3314.299620423428 224.52913944393518 0.1 10.0 0.47000000000000003 47.0 64765.13091401465 6476513.091401464 13630.074724761644 1363007.472476164 1016331.0 1016331.0 15505.712206195989 1550571.2206195989 8296.00767269033 22212.4145553975 7.5364775688634875 7.5364775688634875 3.6540685753380515 365.4068575338052 0.13686823405156295 13.686823405156295 240.38784000007124 1.0 63.0 0.0
29580.008366584443 0.5 50.0 3299.1660886206396 225.2523930581235 0.09000000000000001 9.0 0.47000000000000003 47.0 64907.330914014645 6490733.091401464 13667.874724761643 1366787.472476164 1016331.0 1016331.0 15527.552171358997 1552755.2171358997 8377.895306197881 22212.4145553975 1.6387503727512263 1.6387503727512263 3.671789470038537 367.17894700385364 0.13706188858742593 13.706188858742598 240.44757333340496 1.0 63.0 0.0
29640.008366584443 0.5 50.0 3283.770624748583 225.97485942348794 0.09000000000000001 9.0 0.47000000000000003 47.0 65048.230914014646 6504823.091401464 13706.974724761643 1370697.472476164 1016331.0 1016331.0 15548.24499139106 1554824.499139106 8460.953266720062 22212.4145553975 0.7543186344105202 0.7543186344105202 3.6405322951344963 364.0532295134497 0.1375202260988603 13.75202260988603 240.50730666673869 1.0 66.0 0.0
29700.008366584443 0.5 50.0 3268.483609118709 226.69911322259938 0.09000000000000001 9.0 0.47000000000000003 47.0 65187.99091401465 6518799.091401464 13747.214724761643 1374721.472476164 1016331.0 1016331.0 15568.93506680784 1556893.5066807843 8543.012414304158 22212.4145553975 17.438282244623903 17.438282244623903 3.6229288930141132 362.2928893014115 0.13699203966308612 13.69920396630861 240.5670400000724 1.0 68.0 0.0
29760.008366584443 0.5100000000000001 51.0 3253.3000019513047 227.38594308327893 0.09000000000000001 9.0 0.4600000000000001 46.0 65326.650914014645 6532665.091401464 13788.554724761643 1378855.472476164 1016331.0 1016331.0 15592.640572375993 1559264.0572375995 8624.79142220143 22212.4145553975 9.275600114481842 9.275600114481842 3.5954451371572413 359.5445137157242 0.13844050556489 13.844050556488996 240.62677333340613 1.0 69.0 0.0
29820.008366584443 0.52 52.0 3237.9613660885448 228.06418194691034 0.08 8.0 0.4600000000000001 46.0 65465.220914014644 6546522.091401464 13829.984724761644 1382998.472476164 1016331.0 1016331.0 15617.051856706412 1561705.1856706413 8711.300041237386 22286.705211202512 16.26894025857189 16.26894025857189 3.634393527941512 363.4393527941512 0.13929120008934026 13.929120008934028 240.68650666673986 1.0 70.0 0.0
29880.008366584443 0.55 55.0 3222.346818120251 228.67510708967353 0.06999999999999997 7.0 0.43 43.0 65602.66091401465 6560266.091401464 13872.544724761643 1387254.472476164 1016331.0 1016331.0 15642.734081583247 1564273.4081583247 8796.131218273615 22364.237907904833 1.422967551033496 1.422967551033496 3.6182925077899872 361.8292507789988 0.14839241789360097 14.839241789360102 240.74624000007358 1.0 72.0 0.0
29940.008366584443 0.5700000000000001 57.0 3206.1394722486557 229.19290949292846 0.04999999999999999 5.0 0.42000000000000004 42.0 65739.51091401465 6573951.091401464 13915.694724761644 1391569.472476164 1016331.0 1016331.0 15670.617601300504 1567061.7601300506 8881.630357092943 22364.237907904833 0.06762012577261967 0.06762012577261967 3.690005867353048 369.00058673530486 0.15216496481765523 15.216496481765523 240.8059733334073 1.0 72.0 0.0
30000.008366584443 0.58 58.0 3189.289141433972 229.64935024236559 0.04999999999999999 5.0 0.41 41.0 65876.31091401464 6587631.091401464 13958.894724761643 1395889.472476164 1016331.0 1016331.0 15697.967899072946 1569796.789907295 8964.155718531596 22364.237907904833 14.541573268528314 14.541573268528314 3.70294985942877 370.2949859428768 0.1544072188881115 15.440721888811149 240.86570666674103 1.0 72.0 0.0
30060.008366584443 0.58 58.0 3172.455323506887 230.0977974426991 0.04999999999999999 5.0 0.41 41.0 66012.85091401465 6601285.091401464 14002.354724761644 1400235.472476164 1016331.0 1016331.0 15723.687677642221 1572368.7677642223 9045.624927715324 22364.237907904833 0.7924263300003913 0.7924263300003913 3.6756310453311287 367.5631045331127 0.15777163873138766 15.77716387313876 240.92544000007476 1.0 73.0 0.0
30120.008366584443 0.58 58.0 3155.7655892360863 230.53950750915416 0.04999999999999999 5.0 0.41 41.0 66147.99091401465 6614799.091401464 14047.214724761643 1404721.472476164 1016331.0 1016331.0 15747.996807021624 1574799.6807021627 9129.354315131426 22364.237907904833 8.64949571926805 8.64949571926805 3.637117992252141 363.711799225214 0.1559903820479552 15.599038204795514 240.98517333340848 1.0 76.0 0.0
30180.008366584443 0.5900000000000001 59.0 3139.0572705938057 230.93321226644585 0.03999999999999999 4.0 0.4000000000000001 40.0 66282.10091401465 6628210.091401464 14093.104724761644 1409310.472476164 1016331.0 1016331.0 15773.468862571548 1577346.886257155 9213.503177935969 22364.237907904833 5.292496119046338 5.292496119046338 3.619233658566657 361.9233658566657 0.1610563907671158 16.10563907671158 241.0449066667422 1.0 78.0 0.0
30240.008366584443 0.6 60.0 3122.062559433838 231.32007986339462 0.03999999999999999 4.0 0.38999999999999996 39.0 66415.55091401465 6641555.091401464 14139.654724761644 1413965.472476164 1016331.0 1016331.0 15799.551942087053 1579955.1942087053 9253.532134784195 22364.237907904833 8.00323148234163 8.00323148234163 3.654675807298922 365.46758072989223 0.16114169507928378 16.11416950792838 241.10464000007593 1.0 77.0 0.0
30300.008366584443 0.6 60.0 3104.8259916120237 231.67444548529636 0.02999999999999998 3.0 0.38999999999999996 39.0 66548.97091401464 6654897.091401464 14186.234724761644 1418623.472476164 1016331.0 1016331.0 15829.157847660192 1582915.784766019 9253.532134784195 22364.237907904833 2.4407947483667782 2.4407947483667782 3.6719038708603176 367.19038708603193 0.1591879271173235 15.918792711732346 241.16437333340966 1.0 77.0 0.0
30360.008366584443 0.6100000000000001 61.0 3087.31521206514 232.0039558961853 0.02999999999999998 3.0 0.38000000000000006 38.0 66682.38091401465 6668238.091401464 14232.824724761644 1423282.472476164 1016331.0 1016331.0 15857.801901029574 1585780.1901029574 9253.532134784195 22364.237907904833 3.4352030110421388 3.4352030110421388 3.672852280391946 367.2852280391945 0.15790653982056932 15.790653982056927 241.22410666674338 1.0 77.0 0.0
30420.008366584443 0.6100000000000001 61.0 3069.7722088856876 232.32881452468965 0.02999999999999998 3.0 0.38000000000000006 38.0 66816.07091401465 6681607.091401464 14279.134724761643 1427913.472476164 1016331.0 1016331.0 15884.815945050212 1588481.5945050213 9253.532134784195 22364.237907904833 8.880828997479815 8.880828997479815 3.6599190354548803 365.9919035454882 0.16125162653737976 16.125162653737974 241.2838400000771 1.0 78.0 0.0
30480.008366584443 0.6199999999999999 62.0 3052.2849150930124 232.61294011510526 0.02999999999999998 3.0 0.3699999999999999 37.0 66949.19091401465 6694919.091401464 14326.014724761644 1432601.472476164 1016331.0 1016331.0 15914.318462842062 1591431.846284206 9253.532134784195 22436.27314979098 6.8633542108361265 6.8633542108361265 3.6466454724201838 364.66454724201833 0.1620165780873089 16.20165780873089 241.34357333341083 1.0 79.0 0.0
30540.008366584443 0.6199999999999999 62.0 3034.9479343166545 232.87853778203268 0.02999999999999998 3.0 0.3699999999999999 37.0 67080.87091401465 6708087.091401464 14374.334724761644 1437433.472476164 1016331.0 1016331.0 15945.542125990667 1594554.2125990663 9253.532134784195 22524.275706315948 5.807152780996831 5.807152780996831 3.647008115166585 364.7008115166585 0.16419014931351927 16.41901493135192 241.40330666674456 1.0 81.0 0.0
30600.008366584443 0.6399999999999999 64.0 3017.5621223083017 233.11690871952715 0.019999999999999993 2.0 0.3499999999999999 35.0 67212.06091401464 6721206.091401464 14423.144724761643 1442314.472476164 1016331.0 1016331.0 15977.458775058183 1597745.8775058181 9253.532134784195 22607.25350925616 3.7404581667138768 3.7404581667138768 3.6480257674009327 364.80257674009323 0.16504197491807177 16.504197491807172 241.46304000007828 1.0 81.0 0.0
30660.008366584443 0.6399999999999999 64.0 2999.8560087629457 233.32090476933308 0.019999999999999993 2.0 0.3499999999999999 35.0 67343.33091401464 6734333.091401464 14471.874724761643 1447187.472476164 1016331.0 1016331.0 16009.763223371834 1600976.3223371832 9253.532134784195 22691.44630189395 8.558871291381442 8.558871291381442 3.6496496470588227 364.9649647058821 0.16264237512499902 16.2642375124999 241.522773333412 1.0 80.0 0.0
30720.008366584443 0.6399999999999999 64.0 2982.141927524769 233.54623926664593 0.019999999999999993 2.0 0.3499999999999999 35.0 67474.97091401464 6747497.091401464 14520.234724761644 1452023.4724761643 1016331.0 1016331.0 16040.706341518578 1604070.6341518578 9253.532134784195 22774.32260765725 9.786456770783365 9.786456770783365 3.640223883585647 364.0223883585646 0.16151092241320544 16.151092241320548 241.58250666674573 1.0 81.0 0.0
30780.008366584443 0.6599999999999999 66.0 2964.433785607658 233.7284875669211 0.019999999999999993 2.0 0.32999999999999996 33.0 67606.37091401465 6760637.091401464 14568.834724761644 1456883.4724761643 1016331.0 1016331.0 16072.194458202363 1607219.4458202363 9253.532134784195 22854.94344968565 12.86462720592723 12.86462720592723 3.670322489343111 367.03224893431127 0.16622002477834924 16.622002477834926 241.64224000007945 1.0 81.0 0.0
30840.008366584443 0.67 67.0 2946.8177638252987 233.8589506985645 0.019999999999999993 2.0 0.31999999999999995 32.0 67736.98091401465 6773698.091401464 14618.224724761643 1461822.4724761646 1016331.0 1016331.0 16104.53220486871 1610453.220486871 9253.532134784195 22940.24927878122 2.061182190927809 2.061182190927809 3.621353585906881 362.13535859068793 0.17050985615171463 17.050985615171463 241.70197333341318 1.0 84.0 0.0
30900.008366584443 0.67 67.0 2929.377043428722 233.9241051673603 0.019999999999999993 2.0 0.31999999999999995 32.0 67866.01091401465 6786601.091401464 14669.194724761644 1466919.4724761646 1016331.0 1016331.0 16138.926292165634 1613892.6292165627 9253.532134784195 23025.120423464523 7.464312075265742 7.464312075265742 3.5751616855136557 357.5161685513654 0.17441711502589208 17.4417115025892 241.7617066667469 1.0 86.0 0.0
30960.008366584443 0.6799999999999999 68.0 2912.0303347940667 233.9413224271765 0.019999999999999993 2.0 0.30999999999999994 31.0 67994.05091401465 6799405.091401464 14721.154724761644 1472115.4724761646 1016331.0 1016331.0 16175.136192309894 1617513.6192309891 9253.532134784195 23109.036555635335 2.2524272103466996 2.2524272103466996 3.572067790602654 357.20677906026526 0.18110816483178477 18.11081648317848 241.82144000008063 1.0 87.0 0.0
31020.008366584443 0.69 69.0 2894.7403133129765 233.9327564671702 0.019999999999999993 2.0 0.3 30.0 68121.46091401465 6812146.091401464 14773.744724761644 1477374.4724761646 1016331.0 1016331.0 16208.417233212887 1620841.7233212886 9253.532134784195 23194.915194036737 1.492858607440392 1.492858607440392 3.551902990495163 355.1902990495163 0.18420884939615118 18.420884939615124 241.88117333341435 1.0 88.0 0.0
31080.008366584443 0.71 71.0 2877.5186258944827 233.844259151602 0.019999999999999993 2.0 0.27999999999999997 28.0 68248.40091401465 6824840.091401464 14826.804724761643 1482680.4724761646 1016331.0 1016331.0 16244.065373048092 1624406.5373048093 9253.532134784195 23278.464517032862 10.82422407145424 10.82422407145424 3.5390943328631277 353.90943328631283 0.18803976845183362 18.80397684518337 241.94090666674808 1.0 89.0 0.0
31140.008366584443 0.71 71.0 2860.32416451654 233.7104636213732 0.019999999999999993 2.0 0.27999999999999997 28.0 68375.00091401464 6837500.091401464 14880.204724761645 1488020.4724761646 1016331.0 1016331.0 16280.565348620281 1628056.5348620282 9253.532134784195 23361.55603685159 2.976390445880363 2.976390445880363 3.540399227657874 354.0399227657874 0.1874214522222954 18.742145222229542 242.0006400000818 1.0 89.0 0.0
31200.008366584443 0.71 71.0 2843.1294514079036 233.5763507565004 0.019999999999999993 2.0 0.27999999999999997 28.0 68501.60091401465 6850160.091401464 14933.604724761644 1493360.4724761646 1016331.0 1016331.0 16314.400799308965 1631440.0799308964 9253.532134784195 23446.952700886563 7.931883582894069 7.931883582894069 3.5340401439795213 353.4040143979519 0.18846641992094673 18.84664199209467 242.06037333341553 1.0 89.0 0.0
31260.008366584443 0.7200000000000001 72.0 2825.89048829002 233.42287197937156 0.019999999999999993 2.0 0.27 27.0 68628.51091401465 6862851.091401464 14986.694724761644 1498669.4724761646 1016331.0 1016331.0 16346.873760833656 1634687.3760833654 9253.532134784195 23530.41303649496 13.610624989102588 13.610624989102588 3.5339662601963178 353.39662601963175 0.1891498088513289 18.91498088513288 242.12010666674925 1.0 89.0 0.0
31320.008366584443 0.74 74.0 2808.694766203898 233.18121467532967 0.019999999999999993 2.0 0.25 25.0 68755.11091401464 6875511.091401464 15040.094724761644 1504009.4724761646 1016331.0 1016331.0 16380.565598055004 1638056.5598054999 9253.532134784195 23612.083599217713 8.80077437889876 8.80077437889876 3.526761062094638 352.67610620946397 0.19467098775237296 19.4670987752373 242.17984000008298 1.0 89.0 0.0
31380.008366584443 0.74 74.0 2791.5005705592057 232.91018729568424 0.019999999999999993 2.0 0.25 25.0 68881.71091401465 6888171.091401464 15093.494724761644 1509349.4724761646 1016331.0 1016331.0 16415.43334916431 1641543.3349164308 9253.532134784195 23694.20071921694 10.132393531755168 10.132393531755168 3.5258956547724187 352.5895654772417 0.19482748029590796 19.482748029590798 242.2395733334167 1.0 89.0 0.0
31440.008366584443 0.74 74.0 2774.326919723618 232.639325729256 0.019999999999999993 2.0 0.25 25.0 69008.31091401464 6900831.091401464 15146.894724761643 1514689.4724761646 1016331.0 1016331.0 16450.79899338447 1645079.8993384463 9253.532134784195 23775.565463283867 1.9396365249858527 1.9396365249858527 3.5225628265702027 352.25628265702034 0.19376051193621738 19.37605119362174 242.29930666675043 1.0 89.0 0.0
31500.008366584443 0.74 74.0 2757.1366735115735 232.36810432124662 0.019999999999999993 2.0 0.25 25.0 69134.91091401465 6913491.091401464 15200.294724761643 1520029.4724761646 1016331.0 1016331.0 16484.251871389795 1648425.187138979 9253.532134784195 23856.946671734877 6.36670938202532 6.36670938202532 3.5438752705834484 354.38752705834474 0.19457493376818014 19.457493376818018 242.35904000008415 1.0 89.0 0.0
31560.008366584443 0.74 74.0 2739.9327321596757 232.09721951834663 0.019999999999999993 2.0 0.25 25.0 69261.51091401465 6926151.091401464 15253.694724761644 1525369.4724761646 1016331.0 1016331.0 16516.916350502783 1651691.6350502789 9253.532134784195 23939.37398752304 14.705695850322773 14.705695850322773 3.5593897954583578 355.93897954583576 0.19695559890593947 19.695559890593948 242.41877333341787 1.0 89.0 0.0
31620.008366584443 0.74 74.0 2722.72727486249 231.82502030150258 0.019999999999999993 2.0 0.25 25.0 69388.05091401465 6938805.091401464 15307.154724761644 1530715.4724761646 1016331.0 1016331.0 16549.809866055202 1654980.9866055201 9253.532134784195 24023.128757300274 0.6955447045012528 0.6955447045012528 3.521579395031951 352.15793950319505 0.19898833142294758 19.898833142294762 242.4785066667516 1.0 90.0 0.0
31680.008366584443 0.75 75.0 2705.5646863406837 231.5450821294692 0.019999999999999993 2.0 0.23999999999999996 24.0 69514.32091401465 6951432.091401464 15360.884724761643 1536088.4724761646 1016331.0 1016331.0 16583.23808215429 1658323.8082154288 9253.532134784195 24105.63488197964 7.302911505866692 7.302911505866692 3.531240567383197 353.1240567383197 0.19682252849460152 19.68225284946014 242.53824000008532 1.0 89.0 0.0
31740.008366584443 0.7600000000000001 76.0 2688.3744929518016 231.20593763345323 0.019999999999999993 2.0 0.23 23.0 69640.92091401464 6964092.091401464 15414.284724761645 1541428.4724761646 1016331.0 1016331.0 16618.044602850496 1661804.4602850496 9253.532134784195 24187.94208997348 1.8076555909672567 1.8076555909672567 3.5557240439353084 355.5724043935308 0.19988355229492744 19.98835522949274 242.59797333341905 1.0 89.0 0.0
31800.008366584443 0.77 77.0 2671.25533386602 230.82431225235229 0.019999999999999993 2.0 0.22 22.0 69766.88091401465 6976688.091401464 15468.324724761644 1546832.4724761646 1016331.0 1016331.0 16654.92586126065 1665492.5861260653 9253.532134784195 24270.489948900373 6.720105798558158 6.720105798558158 3.5110163745633494 351.1016374563348 0.20841329419548857 20.84132941954886 242.65770666675277 1.0 91.0 0.0
31860.008366584443 0.79 79.0 2654.1627764369055 230.37881255578642 0.019999999999999993 2.0 0.19999999999999996 20.0 69892.62091401465 6989262.091401464 15522.584724761644 1552258.4724761646 1016331.0 1016331.0 16692.134280220693 1669213.4280220699 9253.532134784195 24351.70109042542 13.344997519677557 13.344997519677557 3.5360781910235937 353.6078191023593 0.20943090810143522 20.943090810143527 242.7174400000865 1.0 90.0 0.0
31920.008366584443 0.79 79.0 2636.981742690948 229.8993597610247 0.019999999999999993 2.0 0.19999999999999996 20.0 70019.18091401465 7001918.091401464 15576.024724761644 1557602.4724761646 1016331.0 1016331.0 16729.536688851247 1672953.6688851253 9253.532134784195 24419.756478559706 15.768546439483357 15.768546439483357 3.5413203007615737 354.1320300761572 0.20643428617798842 20.643428617798854 242.77717333342022 1.0 89.0 0.0
31980.008366584443 0.8 80.0 2619.8161649659587 229.40605959967573 0.019999999999999993 2.0 0.19000000000000003 19.0 70145.57091401465 7014557.091401464 15629.634724761643 1562963.4724761646 1016331.0 1016331.0 16765.028022090068 1676502.8022090064 9253.532134784195 24419.756478559706 4.678748204612529 4.678748204612529 3.5306278364851 353.06278364851 0.21045146668604559 21.04514666860456 242.83690666675395 1.0 90.0 0.0
32040.008366584443 0.8 80.0 2602.4035472093947 228.8911687686936 0.009999999999999995 1.0 0.19000000000000003 19.0 70272.00091401464 7027200.091401464 15683.204724761645 1568320.4724761646 1016331.0 1016331.0 16800.87189040384 1680087.1890403843 9253.532134784195 24442.109014716185 5.237928719896795 5.237928719896795 3.5539196834419813 355.39196834419806 0.21024630929591107 21.024630929591115 242.89664000008767 1.0 89.0 0.0
32100.008366584443 0.8099999999999999 81.0 2584.717155241197 228.35202984888605 0.009999999999999995 1.0 0.18 18.0 70398.57091401465 7039857.091401464 15736.634724761643 1573663.4724761646 1016331.0 1016331.0 16837.373043017706 1683737.304301771 9253.532134784195 24456.8700851232 2.391274257951541 2.391274257951541 3.5676619949673083 356.766199496731 0.2108419840680284 21.08419840680285 242.9563733334214 1.0 89.0 0.0
32160.008366584443 0.8200000000000001 82.0 2566.5218440773338 227.81002992709222 0.0 0.0 0.18 18.0 70525.17091401464 7052517.091401464 15790.034724761645 1579003.4724761646 1016331.0 1016331.0 16873.232845945637 1687323.2845945633 9253.532134784195 24456.8700851232 10.99284902036869 10.99284902036869 3.608740149597119 360.8740149597119 0.20683576485188213 20.68357648518821 243.01610666675512 1.0 89.0 0.0
32220.008366584443 0.8200000000000001 82.0 2548.301335916179 227.26712271648597 0.0 0.0 0.18 18.0 70651.76091401465 7065176.091401464 15843.444724761644 1584344.4724761646 1016331.0 1016331.0 16909.593726202576 1690959.372620258 9253.532134784195 24507.17620335636 16.72829107270256 16.72829107270256 3.6017443794571435 360.17443794571426 0.2081900404151717 20.819004041517186 243.07584000008885 1.0 90.0 0.0
32280.008366584443 0.83 83.0 2530.233562907016 226.67379517881244 0.0 0.0 0.17000000000000004 17.0 70777.19091401465 7077719.091401464 15898.014724761644 1589801.4724761646 1016331.0 1016331.0 16945.074981477486 1694507.4981477482 9253.532134784195 24593.348951843895 4.619533745638995 4.619533745638995 3.5818679295679305 358.1867929567931 0.2123912012123783 21.239120121237843 243.13557333342257 1.0 91.0 0.0
32340.008366584443 0.8400000000000001 84.0 2512.117948311485 226.05198325226175 0.0 0.0 0.15999999999999998 16.0 70902.59091401465 7090259.091401464 15952.614724761645 1595261.4724761646 1016331.0 1016331.0 16980.109073426127 1698010.907342612 9253.532134784195 24678.154825502705 16.344902140415737 16.344902140415737 3.5814201582754555 358.1420158275456 0.21591026095038718 21.59102609503872 243.1953066667563 1.0 91.0 0.0
32400.008366584443 0.8600000000000001 86.0 2494.0189027998363 225.37349038238472 0.0 0.0 0.13999999999999993 14.0 71027.93091401465 7102793.091401464 16007.274724761644 1600727.4724761646 1016331.0 1016331.0 17014.14140315751 1701414.1403157508 9253.532134784195 24763.227484172963 0.3713820237277523 0.3713820237277523 3.5574977357666153 355.7497735766614 0.2231962125647871 22.319621256478726 243.25504000009002 1.0 92.0 0.0
32460.008366584443 0.8600000000000001 86.0 2475.9982422985518 224.64103220904664 0.0 0.0 0.13999999999999993 14.0 71152.73091401465 7115273.091401464 16062.474724761643 1606247.4724761646 1016331.0 1016331.0 17048.510590656326 1704851.0590656325 9253.532134784195 24801.439542243563 17.96607941294311 17.96607941294311 3.545161900845915 354.5161900845917 0.2207490158784697 22.07490158784698 243.31477333342374 1.0 93.0 0.0
32520.008366584443 0.89 89.0 2458.0435613634872 223.85413292123567 0.0 0.0 0.10999999999999999 11.0 71276.93091401465 7127693.091401464 16118.274724761644 1611827.4724761646 1016331.0 1016331.0 17084.08590230815 1708408.5902308146 9253.532134784195 24801.439542243563 7.816963899167244 7.816963899167244 3.5603248081839354 356.03248081839365 0.22832758884132734 22.832758884132733 243.37450666675747 1.0 93.0 0.0
32580.008366584443 0.89 89.0 2440.1007100203233 222.99236212443893 0.0 0.0 0.10999999999999999 11.0 71400.97091401464 7140097.091401464 16174.234724761644 1617423.4724761646 1016331.0 1016331.0 17121.5678303977 1712156.7830397694 9253.532134784195 24801.439542243563 11.032964530914313 11.032964530914313 3.546815677558556 354.68156775585544 0.23177616632006023 23.177616632006018 243.4342400000912 1.0 94.0 0.0
32640.008366584443 0.89 89.0 2422.2945157447916 222.12061580506747 0.0 0.0 0.10999999999999999 11.0 71524.16091401465 7152416.091401464 16230.634724761643 1623063.4724761646 1016372.0 1016372.0 17158.22088580944 1715822.0885809436 9253.532134784195 24801.439542243563 53.16732731093989 53.16732731093989 3.5001927024759403 350.0192702475939 0.2335497336347291 23.35497336347292 243.49397333342492 1.0 94.0 1.0
32700.008366584443 0.89 89.0 2404.551287194074 221.2427071288527 0.0 0.0 0.10999999999999999 11.0 71646.82091401465 7164682.091401464 16287.374724761643 1628737.4724761646 1016432.0 1016432.0 17196.067598661117 1719606.759866111 9253.532134784195 24801.439542243563 51.90573992126291 51.90573992126291 3.535506998701757 353.5506998701757 0.23479831976893276 23.47983197689328 243.55370666675864 1.0 95.0 1.0
32760.008366584443 0.89 89.0 2387.0136954021914 220.35913104382908 0.0 0.0 0.10999999999999999 11.0 71768.34091401465 7176834.091401464 16344.744724761644 1634474.4724761646 1016543.0 1016543.0 17237.49459519533 1723749.4595195323 9253.532134784195 24801.439542243563 103.82438862395163 103.82438862395163 3.4827119527799026 348.27119527799016 0.236799213985478 23.6799213985478 243.61344000009237 1.0 96.0 2.0
32820.00836658444 0.9 90.0 2369.5599874081286 219.47332750440356 0.0 0.0 0.1 10.0 71889.48091401465 7188948.091401466 16402.344724761642 1640234.472476165 1016669.0 1016669.0 17279.543789469422 1727954.3789469416 9253.532134784195 24801.439542243563 155.15879850403198 155.15879850403198 3.433562350791337 343.35623507913374 0.23665940841937497 23.6659408419375 243.67217777787053 1.0 96.0 3.0
32880.00836658444 0.9 90.0 2352.203298113002 218.54556032259626 0.0 0.0 0.1 10.0 72009.87091401465 7200987.091401466 16460.154724761644 1646015.472476165 1016849.0 1016849.0 17319.004447395324 1731900.4447395322 9253.532134784195 24801.439542243563 144.2582799751439 144.2582799751439 3.4488690132576103 344.8869013257611 0.23801028316833545 23.801028316833552 243.73191111120425 1.0 96.0 3.0
32940.00836658444 0.9 90.0 2334.8233232309676 217.62295732723388 0.0 0.0 0.1 10.0 72130.47091401464 7213047.091401466 16517.754724761646 1651775.472476165 1017029.0 1017029.0 17359.166664405333 1735916.666440533 9253.532134784195 24801.439542243563 148.42727825741997 148.42727825741997 3.456680255414636 345.66802554146386 0.23747984257114502 23.7479842571145 243.79164444453798 1.0 96.0 3.0
33000.00836658444 0.9 90.0 2317.5564153697355 216.70023824299432 0.0 0.0 0.1 10.0 72250.47091401464 7225047.091401466 16575.374724761645 1657537.472476165 1017267.0 1017267.0 17400.046180616915 1740004.6180616908 9253.532134784195 24801.439542243563 191.25442245303105 191.25442245303105 3.398308417969004 339.8308417969004 0.24053662697082373 24.05366269708238 243.8513777778717 1.0 97.0 4.0
33060.00836658444 0.92 92.0 2300.3433473009914 215.73882505839282 0.0 0.0 0.07999999999999999 8.0 72370.14091401464 7237014.091401466 16633.304724761645 1663330.472476165 1017507.0 1017507.0 17441.994540268242 1744199.4540268243 9254.99955176378 24801.439542243563 208.57597052839185 208.57597052839185 3.40899669075769 340.8996690757691 0.2438849988814227 24.38849988814228 243.91111111120543 1.0 96.0 4.0
33120.00836658444 0.92 92.0 2283.0912526225848 214.7339165310397 0.0 0.0 0.07999999999999999 8.0 72490.16091401465 7249016.091401466 16690.884724761643 1669088.472476165 1017747.0 1017747.0 17484.961767698613 1748496.1767698613 9338.217393571762 24801.439542243563 202.51987799709156 202.51987799709156 3.432370702326698 343.2370702326698 0.23966791523965641 23.966791523965643 243.97084444453915 1.0 95.0 4.0
33180.00836658444 0.9299999999999999 93.0 2265.7794920476426 213.7190043576204 0.0 0.0 0.06999999999999997 7.0 72610.86091401464 7261086.091401466 16747.784724761645 1674778.472476165 1017987.0 1017987.0 17529.324954336942 1752932.4954336945 9421.81730050696 24801.439542243563 208.75078396780683 208.75078396780683 3.4289101336344046 342.89101336344044 0.2398996478294063 23.989964782940636 244.03057777787288 1.0 94.0 4.0
33240.00836658444 0.9299999999999999 93.0 2248.399474615367 212.69607638698105 0.0 0.0 0.06999999999999997 7.0 72732.06091401464 7273206.091401466 16804.184724761642 1680418.472476165 1018227.0 1018227.0 17576.44688898573 1757644.6888985725 9505.06846901069 24801.439542243563 194.90416015874186 194.90416015874186 3.4423410588784855 344.2341058878486 0.24099354379662322 24.099354379662337 244.0903111112066 1.0 94.0 4.0
33300.00836658444 0.94 94.0 2231.0013716762046 211.67557167174772 0.0 0.0 0.05999999999999997 6.0 72853.62091401465 7285362.091401466 16860.224724761643 1686022.472476165 1018467.0 1018467.0 17627.23644702146 1762723.6447021458 9595.043720696933 24889.667731076745 197.51090426402598 197.51090426402598 3.470516687358351 347.05166873583516 0.23524398758219373 23.524398758219384 244.15004444454033 1.0 92.0 4.0
33360.00836658444 0.95 95.0 2213.5106974999467 210.6087263859926 0.0 0.0 0.04999999999999997 5.0 72976.02091401465 7297602.091401466 16915.424724761644 1691542.472476165 1018707.0 1018707.0 17680.8278844671 1768082.78844671 9685.019056529874 24977.076908571675 202.98118748311876 202.98118748311876 3.450724734474484 345.0724734474485 0.2404717932005365 24.04717932005365 244.20977777787405 1.0 92.0 4.0
33420.00836658444 0.95 95.0 2195.9705290596744 209.5372812817147 0.0 0.0 0.04999999999999997 5.0 73098.91091401465 7309891.091401466 16970.134724761643 1697013.472476165 1018947.0 1018947.0 17732.623443801545 1773262.3443801547 9773.75723465639 25064.819100046316 199.55371419256696 199.55371419256696 3.4679512180430097 346.79512180430106 0.23446880036018794 23.446880036018797 244.26951111120778 1.0 90.0 4.0
33480.00836658444 0.95 95.0 2178.399833412047 208.47164791375556 0.0 0.0 0.04999999999999997 5.0 73222.04091401465 7322204.091401466 17024.604724761644 1702460.472476165 1019187.0 1019187.0 17782.052928423895 1778205.2928423902 9856.18980377305 25112.065514934486 208.84429121571438 208.84429121571438 3.4558880975076964 345.58880975076966 0.236912074561988 23.691207456198804 244.3292444445415 1.0 91.0 4.0
33540.00836658444 0.95 95.0 2160.8280942785186 207.40768784567533 0.0 0.0 0.04999999999999997 5.0 73345.26091401465 7334526.091401466 17078.984724761645 1707898.472476165 1019427.0 1019427.0 17827.565632255166 1782756.5632255161 9940.14121952568 25112.065514934486 204.0554588301668 204.0554588301668 3.4881852000160034 348.8185200016005 0.23335127660792804 23.3351276607928 244.38897777787523 1.0 90.0 4.0
33600.00836658444 0.95 95.0 2143.3024432774355 206.35211404166384 0.0 0.0 0.04999999999999997 5.0 73468.42091401464 7346842.091401466 17132.994724761644 1713299.472476165 1019710.0 1019710.0 17872.27316253548 1787227.316253547 10023.101789127182 25112.065514934486 245.80334924249897 245.80334924249897 3.455901706996085 345.5901706996087 0.2341140739152046 23.411407391520466 244.49152000009812 2.0 91.0 5.0
33660.00836658444 0.96 96.0 2126.0669216651704 205.25089775237652 0.0 0.0 0.03999999999999998 4.0 73589.98091401465 7358998.091401466 17187.594724761642 1718759.472476165 1020094.0 1020094.0 17919.209629072364 1791920.962907237 10106.380911427168 25163.398264009746 347.4095758608862 347.4095758608862 3.4074070397795877 340.7407039779588 0.23981890367911232 23.981890367911234 244.61098666676557 2.0 91.0 7.000000000000001
33720.00836658444 0.96 96.0 2108.920192884857 204.149573825093 0.0 0.0 0.03999999999999998 4.0 73711.18091401465 7371118.091401466 17242.194724761644 1724219.472476165 1020514.0 1020514.0 17965.52838193474 1796552.8381934739 10193.707273871392 25189.922441481936 337.6903604834362 337.6903604834362 3.397093539778441 339.70935397784405 0.23939948415085197 23.939948415085205 244.73045333343302 2.0 91.0 7.000000000000001
33780.00836658444 0.96 96.0 2091.8737451839997 203.04272464411713 0.0 0.0 0.03999999999999998 4.0 73831.70091401465 7383170.091401466 17297.034724761645 1729703.472476165 1020978.0 1020978.0 18013.524704830306 1801352.4704830307 10278.318104005404 25208.943300064966 442.3857507459221 442.3857507459221 3.3372543178917726 333.72543178917726 0.24158696095424517 24.158696095424517 244.85888000010027 3.0 91.0 9.0
33840.00836658444 0.96 96.0 2074.9584177147476 201.9491383184549 0.0 0.0 0.03999999999999998 4.0 73952.11091401464 7395211.091401466 17351.224724761643 1735122.472476165 1021518.0 1021518.0 18062.26641814293 1806226.641814293 10358.843372975216 25295.147246427507 438.86087033121873 438.86087033121873 3.369057536405426 336.9057536405427 0.23397717008171362 23.397717008171362 245.00323555565606 2.0 89.0 9.0
33900.00836658444 0.97 97.0 2057.974070348081 200.83037448761723 0.0 0.0 0.029999999999999978 3.0 74072.95091401465 7407295.091401466 17404.984724761645 1740498.472476165 1022058.0 1022058.0 18111.218983337512 1811121.8983337511 10438.868788777701 25383.898718101373 430.94876125358707 430.94876125358707 3.3397855621561265 333.9785562156127 0.23900571214174918 23.90057121417493 245.15356444454505 2.0 90.0 9.0
33960.00836658444 0.97 97.0 2041.0280497042781 199.6979271463996 0.0 0.0 0.029999999999999978 3.0 74193.43091401465 7419343.091401466 17458.994724761644 1745899.472476165 1022609.0 1022609.0 18159.680510526054 1815968.051052605 10515.973292212242 25472.65039136171 493.04838604208373 493.04838604208373 3.323742081749071 332.3742081749071 0.2362867757939153 23.628677579391525 245.31086222232278 3.0 91.0 10.0
34020.00836658444 0.97 97.0 2024.2848483755265 198.55036086522875 0.0 0.0 0.029999999999999978 3.0 74312.75091401464 7431275.091401466 17513.674724761644 1751367.472476165 1023209.0 1023209.0 18207.872150506264 1820787.2150506265 10595.07894592445 25560.058181734286 492.07384991662633 492.07384991662633 3.3334843337004973 333.3484333700497 0.24018647679252875 24.018647679252876 245.49006222232225 3.0 90.0 10.0
34080.00836658444 0.97 97.0 2007.7157642554134 197.4165138777792 0.0 0.0 0.029999999999999978 3.0 74431.50091401464 7443150.091401466 17567.764724761644 1756776.472476165 1023925.0 1023925.0 18254.73717703233 1825473.7177032332 10674.892694299971 25646.900268955906 630.6937425255197 630.6937425255197 3.247386566958991 324.738656695899 0.24019051225970794 24.0190512259708 245.66926222232172 3.0 91.0 13.0
34140.00836658444 0.97 97.0 1991.4105354745616 196.2616376970219 0.0 0.0 0.029999999999999978 3.0 74548.55091401465 7454855.091401466 17622.914724761646 1762291.472476165 1024705.0 1024705.0 18302.122111008357 1830212.2111008356 10755.151479392129 25726.813627300526 625.3061786373752 625.3061786373752 3.2407268034052255 324.0726803405225 0.2431522830922854 24.315228309228537 245.8484622223212 3.0 92.0 13.0
34200.00836658444 0.97 97.0 1975.2322045629546 195.10463392316825 0.0 0.0 0.029999999999999978 3.0 74665.01091401465 7466501.091401466 17678.114724761643 1767811.472476165 1025538.0 1025538.0 18349.22524900166 1834922.5249001656 10835.940195350422 25813.023447104948 720.3936972048904 720.3936972048904 3.1873573076362316 318.7357307636231 0.24486715733727327 24.486715733727333 246.07445333343207 4.0 92.0 15.0
34260.00836658444 0.97 97.0 1959.2662923989521 193.95494775323397 0.0 0.0 0.029999999999999978 3.0 74780.66091401465 7478066.091401466 17732.964724761645 1773296.472476165 1026488.0 1026488.0 18393.598624244736 1839359.8624244733 10916.0387981201 25883.034590649182 779.7158845526388 779.7158845526388 3.1492421770173293 314.9242177017328 0.24200169052067938 24.20016905206794 246.31338666676527 4.0 91.0 16.0
34320.00836658444 0.97 97.0 1943.3555623739364 192.81077944768197 0.0 0.0 0.029999999999999978 3.0 74896.17091401464 7489617.091401466 17787.564724761643 1778756.472476165 1027476.0 1027476.0 18435.014497822845 1843501.4497822842 10995.163041267402 25883.034590649182 829.0409304308159 829.0409304308159 3.1395850526379983 313.95850526379985 0.2420652888183302 24.206528881833023 246.55232000009846 4.0 91.0 17.0
34380.00836658444 0.97 97.0 1927.5754470689585 191.6555614629305 0.0 0.0 0.029999999999999978 3.0 75010.84091401465 7501084.091401466 17842.694724761644 1784269.472476165 1028496.0 1028496.0 18480.026733796956 1848002.6733796957 11077.792554257554 25883.034590649182 816.9597957047522 816.9597957047522 3.122185617777596 312.21856177775953 0.244355278005044 24.435527800504413 246.79125333343165 4.0 92.0 17.0
34440.00836658444 0.98 98.0 1911.9408694910305 190.4498013229971 0.0 0.0 0.019999999999999993 2.0 75124.40091401465 7512440.091401466 17898.544724761643 1789854.472476165 1029555.0 1029555.0 18527.591221242426 1852759.1221242428 11157.874468821055 25960.923244045396 872.4795654556009 872.4795654556009 3.0744038873947197 307.440388739472 0.2498977951586257 24.98977951586257 247.03018666676485 4.0 94.0 18.0
34500.00836658444 0.98 98.0 1896.3923526079257 189.24880918299974 0.0 0.0 0.019999999999999993 2.0 75237.71091401465 7523771.091401464 17954.434724761642 1795443.472476165 1030635.0 1030635.0 18579.22149011138 1857922.1490111374 11239.669697914973 26041.20774512968 860.7367107824937 860.7367107824937 3.087100618414465 308.71006184144665 0.24802887418368758 24.802887418368755 247.26912000009804 4.0 93.0 18.0
34560.00836658444 0.98 98.0 1880.8256378850845 188.0472334375845 0.0 0.0 0.019999999999999993 2.0 75350.91091401465 7535091.091401464 18010.414724761646 1801041.472476165 1031717.0 1031717.0 18630.05528044474 1863005.5280444748 11273.750289041323 26122.60599208199 911.0884995681795 911.0884995681795 3.041929688562332 304.1929688562332 0.24854752235141714 24.854752235141714 247.51004444454236 5.0 94.0 19.0
34620.00836658444 0.98 98.0 1865.515699346946 186.8255051519333 0.0 0.0 0.019999999999999993 2.0 75462.46091401465 7546246.091401464 18067.294724761643 1806729.472476165 1032874.0 1032874.0 18679.39901760082 1867939.9017600815 11273.750289041323 26204.759473766753 957.5816195736423 957.5816195736423 3.0177516418944936 301.7751641894494 0.25227972800872867 25.22797280087287 247.80871111120928 5.0 95.0 20.0
34680.00836658444 0.98 98.0 1850.3305736101752 185.6015988799684 0.0 0.0 0.019999999999999993 2.0 75573.46091401465 7557346.091401464 18124.294724761643 1812429.472476165 1034074.0 1034074.0 18725.03474020063 1872503.4740200632 11273.750289041323 26288.45863900853 966.4670983027167 966.4670983027167 3.019145678203666 301.91456782036664 0.25109556785858733 25.109556785858736 248.1073777778762 5.0 95.0 20.0
34740.00836658444 0.98 98.0 1835.1817508218214 184.37734386591876 0.0 0.0 0.019999999999999993 2.0 75684.33091401464 7568433.091401464 18181.294724761643 1818129.472476165 1035287.0 1035287.0 18766.38040959519 1876638.0409595182 11273.750289041323 26370.147281010075 1005.8924328908596 1005.8924328908596 2.9800504635095986 298.0050463509599 0.2524315373875457 25.24315373875456 248.4060444445431 5.0 95.0 21.0
34800.00836658444 0.98 98.0 1820.0259510137448 183.17608995301998 0.0 0.0 0.019999999999999993 2.0 75795.83091401464 7579583.091401464 18237.194724761644 1823719.472476165 1036547.0 1036547.0 18806.65136174504 1880665.1361745037 11342.928786978058 26450.280872929434 1018.7792978056807 1018.7792978056807 2.9945698691744442 299.45698691744457 0.2462917717773298 24.629177177732988 248.70471111121003 5.0 93.0 21.0
34860.00836658444 0.98 98.0 1804.9019125963557 181.97679059624994 0.0 0.0 0.019999999999999993 2.0 75907.15091401465 7590715.091401464 18292.994724761644 1829299.472476165 1037835.0 1037835.0 18850.094685286705 1885009.46852867 11429.660952282797 26531.948995472612 1108.234755465531 1108.234755465531 2.9474169237891523 294.7416923789153 0.246929963449712 24.692996344971196 249.0043733334325 6.0 93.0 23.0
34920.00836658444 0.98 98.0 1789.9762527281541 180.7809007416289 0.0 0.0 0.019999999999999993 2.0 76017.70091401465 7601770.091401464 18348.644724761645 1834864.472476165 1039215.0 1039215.0 18895.89574698711 1889589.5746987099 11515.012169018182 26613.996657824548 1109.3605578855822 1109.3605578855822 2.957401641654889 295.7401641654889 0.24297504497911207 24.297504497911216 249.3538133334331 6.0 92.0 23.0
34980.00836658444 0.98 98.0 1775.0496454445704 179.59842563712 0.0 0.0 0.019999999999999993 2.0 76128.61091401464 7612861.091401464 18403.704724761643 1840370.472476165 1040618.0 1040618.0 18941.041932485587 1894104.1932485586 11526.674001450614 26695.644432819307 1152.6388979207782 1152.6388979207782 2.9435876089365807 294.35876089365814 0.24178782770572804 24.178782770572806 249.70922666676705 6.0 91.0 24.0
35040.00836658444 0.98 98.0 1760.1502075283565 178.42593996980156 0.0 0.0 0.019999999999999993 2.0 76239.61091401464 7623961.091401464 18458.304724761645 1845830.472476165 1042058.0 1042058.0 18985.103056257707 1898510.305625771 11526.674001450614 26777.30776216511 1146.4087121665107 1146.4087121665107 2.9470855528763393 294.7085552876339 0.2415906761550334 24.159067615503343 250.0676266667677 6.0 91.0 24.0
35100.00836658444 0.98 98.0 1745.2689986062292 177.24795849357753 0.0 0.0 0.019999999999999993 2.0 76350.40091401465 7635040.091401464 18513.114724761643 1851311.472476165 1043498.0 1043498.0 19024.559244474603 1902455.92444746 11526.674001450614 26858.975559081846 1156.6667672500018 1156.6667672500018 2.940415751899054 294.0415751899053 0.2442714362882094 24.427143628820943 250.42602666676834 6.0 92.0 24.0
35160.00836658444 0.98 98.0 1730.6359072272085 176.0797748460505 0.0 0.0 0.019999999999999993 2.0 76460.30091401465 7646030.091401464 18567.444724761644 1856744.472476165 1045073.0 1045073.0 19062.82799762003 1906282.7997620027 11526.674001450614 26940.68394841518 1291.3925047412977 1291.3925047412977 2.8887365174344017 288.8736517434401 0.24008142093518758 24.008142093518753 250.78442666676898 6.0 90.0 27.0
35220.00836658444 0.98 98.0 1716.0867158157585 174.91797696001683 0.0 0.0 0.019999999999999993 2.0 76570.10091401465 7657010.091401464 18621.444724761644 1862144.472476165 1046693.0 1046693.0 19098.957007214376 1909895.7007214373 11526.674001450614 27024.328582812384 1289.8309866553502 1289.8309866553502 2.8811930171567965 288.11930171567957 0.24173019804040133 24.17301980404014 251.14282666676962 6.0 90.0 27.0
35280.00836658444 0.98 98.0 1701.5767162763846 173.75284016663963 0.0 0.0 0.019999999999999993 2.0 76679.58091401464 7667958.091401466 18675.594724761642 1867559.472476165 1048330.0 1048330.0 19135.13122376933 1913513.1223769323 11526.674001450614 27078.137710538762 1346.7177850842324 1346.7177850842324 2.876268331228291 287.626833122829 0.2412557999540275 24.12557999540276 251.51815111121434 7.0 90.0 28.000000000000004
35340.00836658444 0.98 98.0 1687.3203901582833 172.58059412839958 0.0 0.0 0.019999999999999993 2.0 76787.66091401465 7678766.091401466 18730.154724761644 1873015.472476165 1050066.0 1050066.0 19168.217071468032 1916821.707146803 11526.674001450614 27078.137710538762 1391.7866041007496 1391.7866041007496 2.7801888284217346 278.0188828421735 0.2449529081329154 24.49529081329155 251.936284444547 7.0 92.0 28.999999999999996
35400.00836658444 0.98 98.0 1673.4129504245368 171.39567321904755 0.0 0.0 0.019999999999999993 2.0 76893.88091401465 7689388.091401466 18785.304724761645 1878530.472476165 1051928.0 1051928.0 19199.577526112163 1919957.7526112162 11526.674001450614 27081.244184740593 1544.3431149294709 1544.3431149294709 2.7319491736129096 273.19491736129095 0.2424538693934746 24.245386939347462 252.36337777787972 8.0 91.0 32.0
35460.00836658444 0.98 98.0 1659.7525192303692 170.2224429088882 0.0 0.0 0.019999999999999993 2.0 76999.22091401464 7699922.091401466 18839.894724761645 1883989.472476165 1053935.0 1053935.0 19231.735422403417 1923173.5422403417 11526.674001450614 27163.81134540802 1681.4950865023382 1681.4950865023382 2.6380311709146076 263.80311709146076 0.24201647001760346 24.20164700176034 252.8332800001016 8.0 90.0 35.0
35520.00836658444 0.98 98.0 1646.2440113708556 169.06962028928837 0.0 0.0 0.019999999999999993 2.0 77104.39091401464 7710439.091401466 18893.544724761643 1889354.472476165 1056053.0 1056053.0 19263.74912082121 1926374.9120821203 11526.674001450614 27243.921971287105 1729.3647000439964 1729.3647000439964 2.6408324959744376 264.08324959744374 0.2394696631599115 23.946966315991155 253.311146666768 8.0 90.0 36.0
35580.00836658444 0.98 98.0 1633.1119655934715 167.91226049171453 0.0 0.0 0.019999999999999993 2.0 77207.72091401464 7720772.091401466 18947.384724761643 1894738.472476165 1058336.0 1058336.0 19298.295181063277 1929829.5181063279 11526.674001450614 27329.843169114007 1921.478236489137 1921.478236489137 2.553135617388817 255.31356173888167 0.23517632999667196 23.517632999667196 253.84675555565698 9.0 89.0 40.0
35640.00836658444 0.98 98.0 1620.2273602087314 166.77185928307674 0.0 0.0 0.019999999999999993 2.0 77310.41091401465 7731041.091401466 19000.384724761643 1900038.472476165 1060767.0 1060767.0 19336.024822875155 1933602.482287515 11526.674001450614 27416.528431220075 2016.5399985037245 2016.5399985037245 2.5277350619635883 252.7735061963588 0.232566720026528 23.256672002652795 254.39928888899053 10.0 88.0 42.0
35700.00836658444 0.98 98.0 1607.7168394776315 165.62916035613065 0.0 0.0 0.019999999999999993 2.0 77411.35091401465 7741135.091401466 19053.504724761646 1905350.472476165 1063361.0 1063361.0 19373.925421454314 1937392.5421454313 11526.674001450614 27500.065460916194 2156.2635777246496 2156.2635777246496 2.4326299363881576 243.26299363881577 0.23661675500605947 23.661675500605945 254.99662222232436 10.0 89.0 45.0
35760.00836658444 0.98 98.0 1595.731868980816 164.47476646163727 0.0 0.0 0.019999999999999993 2.0 77509.61091401464 7750961.091401466 19107.234724761645 1910723.472476165 1066162.0 1066162.0 19413.121372435766 1941312.137243576 11526.674001450614 27509.423406812333 2252.488328385149 2252.488328385149 2.3548735805242815 235.48735805242822 0.2392848263903045 23.928482639030452 255.64871111121255 11.0 90.0 47.0
35820.00836658444 0.98 98.0 1583.8005052363412 163.3202329560808 0.0 0.0 0.019999999999999993 2.0 77607.64091401464 7760764.091401466 19160.924724761644 1916092.472476165 1068990.0 1068990.0 19453.48820853191 1945348.8208531903 11526.674001450614 27509.423406812333 2295.124709027871 2295.124709027871 2.338060671146947 233.80606711469466 0.23470311903848565 23.470311903848557 256.3057777778792 11.0 88.0 48.0
35880.00836658444 0.98 98.0 1571.8607275191887 162.19684474752268 0.0 0.0 0.019999999999999993 2.0 77706.46091401465 7770646.091401466 19213.084724761644 1921308.472476165 1071892.0 1071892.0 19497.510318984725 1949751.0318984725 11526.674001450614 27509.423406812333 2344.3489421370446 2344.3489421370446 2.368850519122859 236.88505191228586 0.22961140383856724 22.96114038385674 256.96284444454676 11.0 86.0 49.0
35940.00836658444 0.99 99.0 1559.9957742976196 161.0795548564668 0.0 0.0 0.009999999999999995 1.0 77805.65091401465 7780565.091401466 19263.984724761645 1926398.472476165 1074883.0 1074883.0 19541.569947613207 1954156.994761321 11526.674001450614 27509.423406812333 2400.8612438967702 2400.8612438967702 2.3838847816965605 238.38847816965614 0.22879247060895122 22.879247060895135 257.6199111112143 11.0 84.0 50.0
36000.00836658444 0.99 99.0 1548.1916457574898 159.95848790085248 0.0 0.0 0.009999999999999995 1.0 77904.88091401465 7790488.091401466 19314.154724761644 1931415.472476165 1077943.0 1077943.0 19583.439362809895 1958343.9362809896 11564.054207410669 27509.423406812333 2490.5190118715645 2490.5190118715645 2.333692961160416 233.36929611604157 0.22435565270771926 22.435565270771924 258.31978666677105 12.0 83.0 52.0
36060.00836658444 0.99 99.0 1536.4966509006272 158.8587020459226 0.0 0.0 0.009999999999999995 1.0 78004.15091401465 7800415.091401464 19363.264724761644 1936326.472476165 1081105.0 1081105.0 19627.16510334943 1962716.510334943 11650.226955898203 27509.423406812333 2541.3060237207847 2541.3060237207847 2.302932397582237 230.2932397582238 0.22218987342849594 22.218987342849594 259.03658666677234 12.0 82.0 53.0
36120.00836658444 0.99 99.0 1524.8681784526368 157.76775488016483 0.0 0.0 0.009999999999999995 1.0 78103.36091401464 7810336.091401464 19412.004724761646 1941200.472476165 1084310.0 1084310.0 19669.466474909324 1966946.6474909328 11735.200122243801 27509.423406812333 2588.659128351668 2588.659128351668 2.279582492646126 227.9582492646126 0.22252187624927589 22.252187624927593 259.7533866667736 12.0 82.0 54.0
36180.00836658444 0.99 99.0 1513.3434063173834 156.6737705270682 0.0 0.0 0.009999999999999995 1.0 78202.01091401465 7820201.091401464 19460.954724761643 1946095.472476165 1087550.0 1087550.0 19713.56139815345 1971356.1398153447 11819.951214838109 27547.731678476615 2579.2985884521045 2579.2985884521045 2.282691659512492 228.26916595124916 0.22084979328647422 22.084979328647428 260.4701866667749 12.0 82.0 54.0
36240.00836658444 0.99 99.0 1502.1379889282457 155.57428828412282 0.0 0.0 0.009999999999999995 1.0 78299.09091401465 7829909.091401464 19510.114724761643 1951011.472476165 1090926.0 1090926.0 19758.628064922144 1975862.8064922139 11903.985668068706 27603.172474536037 2779.0139016845565 2779.0139016845565 2.1710546719076254 217.10546719076254 0.22097842300422205 22.0978423004222 261.2317866667765 13.0 81.0 57.99999999999999
36300.00836658444 0.99 99.0 1491.2354595610477 154.47505721044354 0.0 0.0 0.009999999999999995 1.0 78394.80091401465 7839480.091401464 19559.274724761643 1955927.472476165 1094438.0 1094438.0 19802.588364581297 1980258.8364581305 11983.442823321051 27603.172474536037 2822.887575548005 2822.887575548005 2.1406440145093715 214.06440145093708 0.22080079602798564 22.08007960279857 262.0083200001115 13.0 82.0 59.0
36360.00836658444 0.99 99.0 1480.6702617299875 153.38403385966706 0.0 0.0 0.009999999999999995 1.0 78489.22091401464 7848922.091401464 19608.024724761643 1960802.472476165 1098120.0 1098120.0 19850.242354110396 1985024.2354110398 12066.011472428814 27671.287679644385 2970.2397780346882 2970.2397780346882 2.064886948215551 206.48869482155507 0.21834847828765377 21.834847828765398 262.8425955556658 14.0 81.0 62.0
36420.00836658444 0.99 99.0 1470.3544754542231 152.29313440991618 0.0 0.0 0.009999999999999995 1.0 78582.41091401465 7858241.091401464 19656.854724761644 1965685.472476165 1101918.0 1101918.0 19900.36900858121 1990036.900858121 12147.396846000249 27752.95540236783 3060.4309198625924 3060.4309198625924 2.0529676604433593 205.29676604433595 0.22015054414889196 22.0150544148892 263.67886222233113 14.0 81.0 64.0
36480.00836658444 1.0 100.0 1460.1769210169607 151.175135924639 0.0 0.0 0.0 0.0 78675.26091401465 7867526.091401464 19705.334724761644 1970533.472476165 1105784.0 1105784.0 19951.886727567926 1995188.6727567923 12216.139091445759 27836.12105719707 3113.1476082761556 3113.1476082761556 2.0125625260050994 201.25625260051 0.21667955464772395 21.667955464772398 264.5410133334411 15.0 80.0 65.0
36540.00836658444 1.0 100.0 1450.0778336372757 150.07809225305283 0.0 0.0 0.0 0.0 78768.22091401464 7876822.091401464 19752.814724761643 1975281.472476165 1109740.0 1109740.0 19999.07934476875 1999907.9344768755 12216.139091445759 27898.61660708325 3152.040173685485 3152.040173685485 2.013138642002054 201.31386420020544 0.21856703787977727 21.85670378797772 265.4370133334401 15.0 78.0 66.0
36600.00836658444 1.0 100.0 1439.9909926132516 148.98397637994805 0.0 0.0 0.0 0.0 78861.18091401465 7886118.091401464 19800.164724761646 1980016.472476165 1113708.0 1113708.0 20045.080217111416 2004508.021711141 12216.139091445759 27898.61660708325 3199.5192471750156 3199.5192471750156 1.9556908987608044 195.56908987608037 0.2191830854706088 21.918308547060878 266.33301333343917 15.0 80.0 67.0
36660.00836658444 1.0 100.0 1430.207345274519 147.87771249001526 0.0 0.0 0.0 0.0 78952.51091401465 7895251.091401464 19847.994724761644 1984799.472476165 1117792.0 1117792.0 20092.56013933063 2009256.0139330637 12216.139091445759 27898.61660708325 3307.3011884951056 3307.3011884951056 1.9194613707216084 191.946137072161 0.2168462450301247 21.68462450301247 267.2449422223272 16.0 79.0 69.0
36720.00836658444 1.0 100.0 1420.5925352675029 146.76260759066284 0.0 0.0 0.0 0.0 79042.77091401465 7904277.091401464 19896.334724761644 1989633.472476165 1121932.0 1121932.0 20140.173580541003 2014017.3580541 12216.139091445759 27898.61660708325 3296.7827779375034 3296.7827779375034 1.9019631904217824 190.19631904217826 0.22124063388890203 22.124063388890207 268.1708088889931 15.0 81.0 69.0
36780.00836658444 1.0 100.0 1411.2790373725431 145.63300225358438 0.0 0.0 0.0 0.0 79131.28091401464 7913128.091401464 19945.354724761644 1994535.472476165 1126179.0 1126179.0 20189.89687434552 2018989.6874345518 12216.139091445759 27898.61660708325 3400.772492753011 3400.772492753011 1.817478588461181 181.7478588461181 0.22270609164218297 22.270609164218296 269.12554666677033 16.0 81.0 71.0
36840.00836658444 1.0 100.0 1402.0521722384162 144.51234387480963 0.0 0.0 0.0 0.0 79219.61091401464 7921961.091401464 19993.954724761643 1999395.472476165 1130486.0 1130486.0 20239.961598382768 2023996.1598382764 12216.139091445759 27898.61660708325 3439.4649121495127 3439.4649121495127 1.7858835563971076 178.58835563971084 0.22386423603489947 22.38642360348995 270.0812800001031 16.0 81.0 72.0
36900.00836658444 1.0 100.0 1392.93782997444 143.39978433813891 0.0 0.0 0.0 0.0 79307.73091401465 7930773.091401464 20042.164724761646 2004216.472476165 1134853.0 1134853.0 20289.592651993204 2028959.265199321 12296.605671649517 27906.08943686972 3492.9187639371485 3492.9187639371485 1.8185665375606304 181.85665375606317 0.21701553853850317 21.701553853850317 271.0370133334359 16.0 79.0 73.0
36960.00836658444 1.0 100.0 1383.7096135196703 142.3129314793315 0.0 0.0 0.0 0.0 79396.94091401465 7939694.091401464 20089.154724761644 2008915.472476165 1139233.0 1139233.0 20335.65560260298 2033565.560260298 12382.310931910562 27987.644958513563 3489.845644659036 3489.845644659036 1.8024952607406062 180.2495260740606 0.21981975266700893 21.981975266700886 271.99274666676865 16.0 79.0 73.0
37020.00836658444 1.0 100.0 1374.6706562075078 141.22370758763174 0.0 0.0 0.0 0.0 79485.28091401464 7948528.091401464 20136.204724761643 2013620.472476165 1143694.0 1143694.0 20378.20807014773 2037820.8070147731 12467.193954543432 28072.818263953486 3580.01048964967 3580.01048964967 1.783911896670534 178.39118966705342 0.21542152894956498 21.5421528949565 273.0022400001018 17.0 78.0 75.0
37080.00836658444 1.0 100.0 1365.7713936579114 140.14228679585594 0.0 0.0 0.0 0.0 79573.20091401465 7957320.091401466 20182.914724761646 2018291.472476165 1148231.0 1148231.0 20420.804372269722 2042080.4372269723 12553.04072729272 28154.892137623418 3642.7452362312297 3642.7452362312297 1.7315450027392536 173.15450027392538 0.21544500591295512 21.544500591295513 274.0177066667683 17.0 79.0 76.0
37140.00836658444 1.0 100.0 1357.0202166242855 139.04142311636045 0.0 0.0 0.0 0.0 79659.96091401465 7965996.091401466 20230.554724761645 2023055.472476165 1152791.0 1152791.0 20466.15302305227 2046615.3023052271 12560.708548566103 28237.50643794225 3640.4559595981555 3640.4559595981555 1.7345832691322354 173.45832691322343 0.21621510798029792 21.621510798029785 275.0331733334348 17.0 80.0 76.0
37200.00836658444 1.0 100.0 1348.4001579900284 137.93602315075262 0.0 0.0 0.0 0.0 79746.01091401465 7974601.091401466 20278.374724761645 2027837.472476165 1157404.0 1157404.0 20512.75698867458 2051275.6988674584 12560.708548566103 28303.587524172595 3691.161443460684 3691.161443460684 1.6620759664610567 166.20759664610569 0.21884063842250492 21.88406384225049 276.0486400001013 17.0 80.0 77.0
37260.00836658444 1.0 100.0 1339.7963229614072 136.83288151377727 0.0 0.0 0.0 0.0 79832.11091401464 7983211.091401466 20326.074724761645 2032607.472476165 1162024.0 1162024.0 20556.19372318457 2055619.3723184573 12560.708548566103 28303.587524172595 3690.563756206475 3690.563756206475 1.686138530022284 168.6138530022285 0.22010076170636564 22.010076170636573 277.06410666676777 17.0 80.0 77.0
37320.00836658444 1.0 100.0 1331.3390764782678 135.72075784356164 0.0 0.0 0.0 0.0 79917.26091401465 7991726.091401466 20374.244724761644 2037424.472476165 1166692.0 1166692.0 20600.325255613432 2060032.5255613436 12560.708548566103 28303.587524172595 3737.0317322554383 3737.0317322554383 1.7042828065911109 170.42828065911107 0.21910406322953024 21.91040632295303 278.0845511112121 17.0 80.0 78.0
37380.00836658444 1.0 100.0 1322.9547078218332 134.60474623178422 0.0 0.0 0.0 0.0 80002.09091401465 8000209.091401466 20422.614724761643 2042261.472476165 1171372.0 1171372.0 20645.28475242378 2064528.4752423787 12560.708548566103 28303.587524172595 3729.1494814444236 3729.1494814444236 1.6348255911220593 163.4825591122059 0.22244134542018765 22.24413454201877 279.10101333343414 17.0 81.0 78.0
37440.00836658444 1.0 100.0 1314.6196671868674 133.4758503493836 0.0 0.0 0.0 0.0 80086.27091401465 8008627.091401466 20471.634724761643 2047163.472476165 1176052.0 1176052.0 20692.350535496844 2069235.0535496848 12560.708548566103 28303.587524172595 3736.1291665199947 3736.1291665199947 1.673993682738111 167.39936827381106 0.22129176907266937 22.12917690726694 280.122453333434 17.0 81.0 78.0
37500.00836658444 1.0 100.0 1306.1978496242782 132.3583095962565 0.0 0.0 0.0 0.0 80171.09091401465 8017109.091401466 20520.014724761644 2052001.472476165 1180732.0 1180732.0 20740.151884640694 2074015.1884640695 12560.708548566103 28303.587524172595 3732.680604812793 3732.680604812793 1.667099938728208 166.70999387282086 0.22261075449145382 22.26107544914538 281.13891555565607 17.0 80.0 78.0
37560.00836658444 1.0 100.0 1297.7478894683513 131.24952494719412 0.0 0.0 0.0 0.0 80256.24091401465 8025624.091401466 20568.064724761643 2056806.472476165 1185412.0 1185412.0 20787.026034790975 2078702.6034790974 12560.708548566103 28303.587524172595 3737.643285668363 3737.643285668363 1.6642506268944786 166.42506268944786 0.21892500430411602 21.892500430411605 282.1583644445448 17.0 80.0 78.0
37620.00836658444 1.0 100.0 1289.386932474001 130.14136892854063 0.0 0.0 0.0 0.0 80340.95091401465 8034095.091401466 20616.064724761643 2061606.472476165 1190141.0 1190141.0 20833.819922087954 2083381.9922087959 12622.994920327244 28303.587524172595 3771.1729449035192 3771.1729449035192 1.6229770846118063 162.29770846118063 0.21979751800122468 21.979751800122468 283.22261333343386 18.0 80.0 79.0
37680.00836658444 1.0 100.0 1281.09784491006 129.0335278263956 0.0 0.0 0.0 0.0 80425.55091401465 8042555.091401466 20664.064724761643 2066406.472476165 1194881.0 1194881.0 20878.54607126093 2087854.607126093 12703.158521068162 28303.587524172595 3787.0861658697677 3787.0861658697677 1.6656515925824396 166.56515925824394 0.21938552425489616 21.938552425489625 284.2978133334341 18.0 80.0 79.0
37740.00836658444 1.0 100.0 1272.9002804808683 127.91253963005134 0.0 0.0 0.0 0.0 80509.38091401465 8050938.091401466 20712.584724761644 2071258.472476165 1199646.0 1199646.0 20924.611021089855 2092461.1021089854 12785.317866066722 28386.144943643714 3875.6510907720567 3875.6510907720567 1.5480108742855894 154.8010874285589 0.22318994275381437 22.318994275381442 285.3730133334343 18.0 81.0 81.0
37800.00836658444 1.0 100.0 1264.9995968208364 126.77646638414197 0.0 0.0 0.0 0.0 80591.45091401465 8059145.091401466 20761.914724761646 2076191.472476165 1204506.0 1204506.0 20970.56966945483 2097056.9669454831 12866.703239638284 28466.284617784448 3868.3465019315836 3868.3465019315836 1.5630284777101335 156.30284777101332 0.22556172695730164 22.55617269573018 286.4482133334345 18.0 81.0 81.0
37860.00836658444 1.0 100.0 1256.928428484901 125.67379671984182 0.0 0.0 0.0 0.0 80675.09091401465 8067509.091401466 20809.674724761644 2080967.472476165 1209366.0 1209366.0 21016.582268083657 2101658.2268083664 12948.729237300127 28547.9527348319 3878.7851436721894 3878.7851436721894 1.6142544101402239 161.42544101402243 0.21426008946386024 21.426008946386023 287.52341333343475 18.0 79.0 81.0
37920.00836658444 1.0 100.0 1248.8893651842577 124.58925591596052 0.0 0.0 0.0 0.0 80759.06091401464 8075906.091401466 20856.564724761643 2085656.472476165 1214280.0 1214280.0 21060.813374956702 2106081.337495671 13034.901985787534 28630.05462154493 3926.254192429656 3926.254192429656 1.6012133944243354 160.12133944243357 0.2152089306619901 21.52089306619902 288.59861333343497 18.0 78.0 82.0
37980.00836658444 1.0 100.0 1240.9517629588277 123.50556670594626 0.0 0.0 0.0 0.0 80842.65091401465 8084265.091401466 20903.364724761643 2090336.472476165 1219241.0 1219241.0 21103.802060990358 2110380.206099035 13119.80079949888 28678.60119016992 3963.519075232494 3963.519075232494 1.539334274205992 153.93342742059914 0.2120070289317939 21.20070289317939 289.71463111121324 19.0 78.0 83.0
38040.00836658444 1.0 100.0 1233.0275836046176 122.44431292571653 0.0 0.0 0.0 0.0 80926.72091401464 8092672.091401466 20949.064724761643 2094906.472476165 1224264.0 1224264.0 21143.968159333093 2114396.815933309 13204.694810197525 28678.60119016992 4011.5919852977104 4011.5919852977104 1.5911283590490204 159.11283590490203 0.20491513938835307 20.4915139388353 290.8495644445472 19.0 74.0 84.0
38100.00836658444 1.0 100.0 1225.03497569667 121.40957497838404 0.0 0.0 0.0 0.0 81011.67091401464 8101167.091401466 20993.564724761643 2099356.472476165 1229319.0 1229319.0 21180.073113129 2118007.3113129004 13250.173638561248 28678.60119016992 4074.228942933008 4074.228942933008 1.5697523788487837 156.97523788487837 0.20201504223094272 20.201504223094265 291.98449777788113 19.0 73.0 85.0
38160.00836658444 1.0 100.0 1217.0837409942915 120.39016895509208 0.0 0.0 0.0 0.0 81096.93091401465 8109693.091401466 21037.304724761645 2103730.472476165 1234419.0 1234419.0 21216.068878071095 2121606.88780711 13250.173638561248 28709.21710272927 4060.169520766525 4060.169520766525 1.5818922311064105 158.189223110641 0.19904410972560252 19.904410972560253 293.1194311112151 19.0 72.0 85.0
38220.00836658444 1.0 100.0 1209.0417674089447 119.38848576313151 0.0 0.0 0.0 0.0 81183.03091401464 8118303.091401466 21080.204724761643 2108020.472476165 1239519.0 1239519.0 21252.876564022023 2125287.6564022023 13250.173638561248 28792.7644824971 4068.0873486145097 4068.0873486145097 1.5937140777822807 159.37140777822813 0.2008195550721475 20.08195550721474 294.254364444549 19.0 72.0 85.0
38280.00836658444 1.0 100.0 1201.036009801642 118.38151115504134 0.0 0.0 0.0 0.0 81268.83091401464 8126883.091401466 21123.404724761644 2112340.472476165 1244619.0 1244619.0 21288.60422858432 2128860.4228584324 13250.173638561248 28875.96619773593 4070.0382250037164 4070.0382250037164 1.572751629135945 157.2751629135945 0.19955455346631074 19.955455346631066 295.389297777883 19.0 72.0 85.0
38340.00836658444 1.0 100.0 1193.097935718272 117.37091130250242 0.0 0.0 0.0 0.0 81354.11091401464 8135411.091401466 21166.824724761645 2116682.472476165 1249749.0 1249749.0 21322.759017621876 2132275.9017621875 13250.173638561248 28957.769906063906 4113.337067916706 4113.337067916706 1.5416715342354879 154.16715342354874 0.20144940430161962 20.144940430161963 296.5242311112169 19.0 73.0 86.0
38400.00836658444 1.0 100.0 1185.2828100302693 116.35070635224915 0.0 0.0 0.0 0.0 81438.69091401465 8143869.091401466 21210.644724761645 2121064.472476165 1254909.0 1254909.0 21356.89541014789 2135689.541014789 13250.173638561248 29038.3114732085 4106.52281029371 4106.52281029371 1.527677131786912 152.7677131786912 0.20679737447981925 20.67973744798193 297.65916444455087 19.0 74.0 86.0
38460.00836658444 1.0 100.0 1177.4685643620574 115.32488814545134 0.0 0.0 0.0 0.0 81523.03091401464 8152303.091401466 21254.704724761643 2125470.472476165 1260069.0 1260069.0 21390.062079241332 2139006.2079241336 13250.173638561248 29120.123443193177 4117.4530008203765 4117.4530008203765 1.5927221660881685 159.27221660881693 0.19949037497536712 19.94903749753671 298.7940977778848 19.0 72.0 86.0
38520.00836658444 1.0 100.0 1169.5194217832443 114.33212887437114 0.0 0.0 0.0 0.0 81608.91091401465 8160891.091401466 21297.224724761643 2129722.472476165 1265229.0 1265229.0 21427.011252872802 2142701.12528728 13250.173638561248 29203.7651282985 4121.308061641637 4121.308061641637 1.5787427899557442 157.8742789955744 0.1951032330164345 19.510323301643453 299.92903111121876 19.0 70.0 86.0
38580.00836658444 1.0 100.0 1161.4296388863597 113.36551339459108 0.0 0.0 0.0 0.0 81696.02091401465 8169602.091401466 21338.514724761644 2133851.472476165 1270389.0 1270389.0 21465.18366806461 2146518.366806461 13250.173638561248 29287.584489110053 4110.05503607372 4110.05503607372 1.6017270013475506 160.17270013475505 0.19239482076902178 19.23948207690218 301.0639644445527 19.0 69.0 86.0
38640.00836658444 1.0 100.0 1153.3508973361656 112.39822864261255 0.0 0.0 0.0 0.0 81783.02091401465 8178302.091401466 21379.914724761646 2137991.472476165 1275549.0 1275549.0 21500.891222251892 2150089.122225189 13250.173638561248 29370.54927490251 4116.532549177476 4116.532549177476 1.5900238442147578 159.00238442147585 0.19120789679709702 19.1207896797097 302.19889777788666 19.0 69.0 86.0
38700.00836658444 1.0 100.0 1145.183966334021 111.44941576577618 0.0 0.0 0.0 0.0 81870.97091401464 8187097.091401466 21420.364724761643 2142036.472476165 1280709.0 1280709.0 21536.916443366237 2153691.6443366236 13250.173638561248 29453.305916298585 4114.668028217663 4114.668028217663 1.6027052046090142 160.2705204609014 0.18758086267696047 18.75808626769605 303.3338311112206 19.0 68.0 86.0
38760.00836658444 1.0 100.0 1137.0042457582779 110.50262770201313 0.0 0.0 0.0 0.0 81958.99091401465 8195899.091401466 21460.744724761644 2146074.472476165 1285869.0 1285869.0 21571.864924119862 2157186.492411987 13250.173638561248 29534.115344053043 4119.734002675545 4119.734002675545 1.6072940386016887 160.7294038601688 0.18862141961888948 18.86214196188895 304.46876444455455 19.0 68.0 86.0
38820.00836658444 1.0 100.0 1128.8661626225291 109.54495607533475 0.0 0.0 0.0 0.0 82046.53091401464 8204653.091401466 21501.604724761644 2150160.472476165 1291029.0 1291029.0 21606.014058142755 2160601.4058142756 13250.173638561248 29617.72528890091 4114.868138715725 4114.868138715725 1.607150127908218 160.71501279082187 0.1883641457112644 18.836414571126443 305.6036977778885 19.0 68.0 86.0
38880.00836658444 1.0 100.0 1120.7337340547454 108.58885318618711 0.0 0.0 0.0 0.0 82134.13091401465 8213413.091401466 21542.404724761644 2154240.472476165 1296189.0 1296189.0 21638.44544751038 2163844.544751039 13250.173638561248 29700.053736600294 4111.4728611899045 4111.4728611899045 1.610350452009595 161.03504520095953 0.1892397102371105 18.923971023711047 306.73863111122245 19.0 68.0 86.0
38940.00836658444 1.0 100.0 1112.5337722163085 107.646247730295 0.0 0.0 0.0 0.0 82222.37091401465 8222237.091401466 21582.564724761643 2158256.472476165 1301349.0 1301349.0 21671.652592742346 2167165.2592742345 13250.173638561248 29785.103571025542 4113.546496023644 4113.546496023644 1.6198701524440333 161.98701524440338 0.18312259567286202 18.312259567286198 307.8735644445564 19.0 66.0 86.0
39000.00836658444 1.0 100.0 1104.4022446161591 106.72013829486264 0.0 0.0 0.0 0.0 82310.70091401465 8231070.091401466 21621.964724761645 2162196.472476165 1306576.0 1306576.0 21705.349048510416 2170534.9048510413 13250.173638561248 29871.504270266607 4210.565882873765 4210.565882873765 1.5803848607348399 158.03848607348402 0.18541112929446874 18.541112929446864 309.0224355556682 20.0 65.0 88.0
39060.00836658444 1.0 100.0 1096.3224080332402 105.80925128336746 0.0 0.0 0.0 0.0 82399.25091401464 8239925.091401466 21660.614724761643 2166061.472476165 1311856.0 1311856.0 21741.499482571548 2174149.948257155 13250.173638561248 29957.039405003055 4207.793324065128 4207.793324065128 1.6011585642233 160.11585642232998 0.17591762599191882 17.591762599191878 310.2171022223359 20.0 63.0 88.0
39120.00836658444 1.0 100.0 1088.4043412748713 104.87714219649823 0.0 0.0 0.0 0.0 82486.41091401465 8248641.091401466 21700.274724761643 2170027.472476165 1317174.0 1317174.0 21780.83540420503 2178083.5404205034 13250.173638561248 30042.19531700217 4264.478835624845 4264.478835624845 1.4934889209710722 149.3488920971072 0.19182524979534618 19.182524979534616 311.41176888900355 20.0 69.0 89.0
39180.00836658444 1.0 100.0 1080.6823633837714 103.91491434778048 0.0 0.0 0.0 0.0 82571.96091401465 8257196.091401466 21741.324724761645 2174132.472476165 1322514.0 1322514.0 21822.70443297323 2182270.443297323 13250.173638561248 30129.444961012163 4264.566855192347 4264.566855192347 1.5516748987132785 155.16748987132786 0.18900911214856514 18.900911214856503 312.6064355556712 20.0 68.0 89.0
39240.00836658444 1.0 100.0 1073.0001515562892 102.94887951781845 0.0 0.0 0.0 0.0 82657.21091401465 8265721.091401466 21782.674724761644 2178267.472476165 1327854.0 1327854.0 21862.93282994377 2186293.2829943765 13250.173638561248 30218.12595375283 4252.708808297184 4252.708808297184 1.5306667968758751 153.0666796875875 0.19167369763623393 19.167369763623388 313.8011022223389 20.0 69.0 89.0
39300.00836658444 1.0 100.0 1065.2776886089036 101.9932565227761 0.0 0.0 0.0 0.0 82743.03091401464 8274303.091401466 21823.454724761643 2182345.472476165 1333194.0 1333194.0 21903.938673066845 2190393.8673066846 13250.173638561248 30305.48509013648 4248.498907410794 4248.498907410794 1.5371314053485534 153.71314053485543 0.1907847873217422 19.078478732174222 314.99576888900657 20.0 69.0 89.0
39360.00836658444 1.0 100.0 1057.7684435209296 101.01807473002282 0.0 0.0 0.0 0.0 82827.30091401465 8282730.091401466 21865.184724761642 2186518.472476165 1338593.0 1338593.0 21949.576948592265 2194957.694859227 13250.173638561248 30393.881998804212 4343.271324849386 4343.271324849386 1.468842979342338 146.88429793423387 0.19621174737724362 19.62117473772436 316.19043555567424 20.0 70.0 91.0
39420.00836658444 1.0 100.0 1050.444733668955 100.03270282913572 0.0 0.0 0.0 0.0 82910.46091401465 8291046.091401466 21907.424724761644 2190742.472476165 1344053.0 1344053.0 21999.091565423274 2199909.1565423273 13250.173638561248 30481.658222349462 4357.450344995337 4357.450344995337 1.4370330906008162 143.70330906008155 0.19726718773340163 19.726718773340167 317.3851022223419 20.0 71.0 91.0
39480.00836658444 1.0 100.0 1043.1328765764338 99.0402258624612 0.0 0.0 0.0 0.0 82993.40091401465 8299340.091401466 21949.884724761643 2194988.472476165 1349513.0 1349513.0 22051.54136458069 2205154.1364580696 13250.173638561248 30568.078039164775 4344.002219668622 4344.002219668622 1.43766534565877 143.76653456587698 0.1987509857599067 19.87509857599068 318.5797688890096 20.0 71.0 91.0
39540.00836658444 1.0 100.0 1035.7891817078146 98.05436673802407 0.0 0.0 0.0 0.0 83076.66091401465 8307666.091401466 21992.024724761643 2199202.472476165 1354973.0 1354973.0 22105.006549224512 2210500.6549224514 13250.173638561248 30656.577956898178 4353.360947793983 4353.360947793983 1.4598034040749408 145.98034040749408 0.19455653632980657 19.455653632980656 319.77443555567726 20.0 70.0 91.0
39600.00836658444 1.0 100.0 1028.447097551294 97.07499262236357 0.0 0.0 0.0 0.0 83160.16091401465 8316016.091401466 22033.924724761644 2203392.472476165 1360433.0 1360433.0 22157.247109459106 2215724.7109459103 13307.617192821703 30743.58178871769 4349.820426010701 4349.820426010701 1.4810462304606817 148.1046230460682 0.19056933639239193 19.056933639239197 320.96910222234493 20.0 69.0 91.0
39660.00836658444 1.0 100.0 1021.1137626140073 96.10683894116154 0.0 0.0 0.0 0.0 83243.80091401465 8324380.091401466 22075.324724761645 2207532.472476165 1365929.0 1365929.0 22209.16879180363 2220916.8791803634 13386.95311433533 30828.64896584214 4407.637635133316 4407.637635133316 1.4265934986453255 142.65934986453263 0.1903136426505932 19.03136426505932 322.1846755556794 21.0 69.0 92.0
39720.00836658444 1.0 100.0 1013.8357480097767 95.13699361024968 0.0 0.0 0.0 0.0 83327.13091401465 8332713.091401466 22116.794724761643 2211679.472476165 1371449.0 1371449.0 22257.54117267802 2225754.117267801 13469.357264490547 30913.72396984278 4391.591772526951 4391.591772526951 1.4430501741929336 144.30501741929336 0.19408593455706885 19.408593455706878 323.4121955556806 20.0 70.0 92.0
39780.00836658444 1.0 100.0 1006.6252960068199 94.15420243786755 0.0 0.0 0.0 0.0 83409.91091401465 8340991.091401466 22158.814724761643 2215881.472476165 1376969.0 1376969.0 22307.483074495103 2230748.307449511 13550.742638061984 30999.657451521598 4391.015200473489 4391.015200473489 1.4018154085169678 140.18154085169678 0.19288583252920147 19.28858325292015 324.63971555568185 20.0 71.0 92.0
39840.00836658444 1.0 100.0 999.4006230245005 93.17263861601246 0.0 0.0 0.0 0.0 83492.75091401464 8349275.091401466 22200.774724761643 2220077.472476165 1382489.0 1382489.0 22357.179371418988 2235717.937141899 13595.069271436048 31086.943552257282 4406.669534865223 4406.669534865223 1.4366740092030366 143.66740092030375 0.1890668211416871 18.90668211416871 325.86524444457194 21.0 68.0 92.0
39900.00836658444 1.0 100.0 992.0017705884194 92.22590343090275 0.0 0.0 0.0 0.0 83577.27091401465 8357727.091401466 22241.054724761645 2224105.472476165 1388009.0 1388009.0 22407.095671743355 2240709.567174336 13595.069271436048 31173.863166222567 4395.590167457697 4395.590167457697 1.4529647403467543 145.29647403467544 0.18728310277952032 18.728310277952026 327.081813333462 20.0 66.0 92.0
39960.00836658444 1.0 100.0 984.4904825548942 91.30632937620274 0.0 0.0 0.0 0.0 83662.97091401464 8366297.091401466 22280.154724761644 2228015.472476165 1393529.0 1393529.0 22458.169002339637 2245816.900233964 13595.069271436048 31260.270301556022 4396.019698940414 4396.019698940414 1.4627012604590384 146.27012604590382 0.1877091666771812 18.77091666771812 328.30236444457427 20.0 67.0 92.0
40020.00836658444 1.0 100.0 977.0826495614797 90.3625838485924 0.0 0.0 0.0 0.0 83747.57091401465 8374757.091401466 22320.354724761644 2232035.472476165 1399049.0 1399049.0 22508.71678092428 2250871.6780924266 13595.069271436048 31346.558002858743 4402.358844730454 4402.358844730454 1.4801311185243782 148.01311185243787 0.1879665430123981 18.796654301239812 329.5328711112422 21.0 67.0 92.0
40080.00836658444 1.0 100.0 969.4823431959668 89.45470555992463 0.0 0.0 0.0 0.0 83833.94091401465 8383394.091401466 22358.784724761645 2235878.472476165 1404569.0 1404569.0 22558.99237987061 2255899.2379870606 13595.069271436048 31432.851783558628 4403.35923497429 4403.35923497429 1.523134175651415 152.3134175651415 0.17756985632075598 17.756985632075615 330.76138666679896 21.0 64.0 92.0
40140.00836658444 1.0 100.0 961.8161032834734 88.56567443380396 0.0 0.0 0.0 0.0 83921.09091401465 8392109.091401467 22396.334724761644 2239633.472476165 1410099.0 1410099.0 22609.324887994884 2260932.4887994886 13595.069271436048 31516.084815622155 4449.121067883218 4449.121067883218 1.5075249143348532 150.75249143348537 0.17288623080135676 17.288623080135675 331.9889066668002 21.0 62.0 93.0
40200.00836658444 1.0 100.0 954.3044083620484 87.69640621471902 0.0 0.0 0.0 0.0 84008.14091401464 8400814.091401467 22432.924724761644 2243292.472476165 1415734.0 1415734.0 22659.912423023397 2265991.2423023386 13595.069271436048 31592.600468515717 4486.576719226928 4486.576719226928 1.520981095232102 152.09810952321018 0.16597094208329943 16.597094208329935 333.2433066668016 21.0 59.0 94.0
40260.00836658444 1.0 100.0 946.7986178685026 86.84462852833322 0.0 0.0 0.0 0.0 84095.51091401465 8409551.091401467 22468.694724761644 2246869.472476165 1421420.0 1421420.0 22710.791149926506 2271079.1149926498 13615.214927698597 31672.43174295749 4543.341742357861 4543.341742357861 1.4613645751511999 146.13645751512007 0.17073269313759473 17.07326931375948 334.49770666680297 21.0 60.0 95.0
40320.00836658444 1.0 100.0 939.4013541929071 85.9777974679261 0.0 0.0 0.0 0.0 84181.96091401465 8418196.091401467 22505.244724761644 2250524.472476165 1427120.0 1427120.0 22764.04449008528 2276404.449008528 13701.38767618613 31749.64954481391 4550.865090450095 4550.865090450095 1.4789865791808736 147.8986579180874 0.17249120591564024 17.249120591564022 335.75210666680437 21.0 61.0 95.0
40380.00836658444 1.0 100.0 932.0559696069339 85.10290586539264 0.0 0.0 0.0 0.0 84268.01091401465 8426801.091401467 22542.194724761644 2254219.472476165 1432820.0 1432820.0 22818.371768060908 2281837.1768060904 13786.583903590015 31829.139039557496 4539.9344674161775 4539.9344674161775 1.4425837599205973 144.2583759920597 0.17512955651054496 17.512955651054497 337.00650666680576 21.0 62.0 95.0
40440.00836658444 1.0 100.0 924.7798547862121 84.21170479681585 0.0 0.0 0.0 0.0 84353.29091401465 8435329.091401467 22579.914724761646 2257991.472476165 1438520.0 1438520.0 22872.621942031066 2287262.1942031076 13871.641394114831 31908.757500833824 4542.30010914537 4542.30010914537 1.4289640703889888 142.8964070388989 0.1793451015076958 17.93451015076957 338.26090666680716 21.0 64.0 95.0
40500.00836658444 1.0 100.0 917.5552811979892 83.32834943489783 0.0 0.0 0.0 0.0 84438.56091401464 8443856.091401467 22617.164724761646 2261716.472476165 1444268.0 1444268.0 22924.227898736022 2292422.7898736014 13939.638728556392 31989.931941206905 4582.580676785207 4582.580676785207 1.426376881807466 142.6376881807466 0.1700958294601624 17.009582946016245 339.51530666680856 21.0 61.0 96.0
40560.00836658444 1.0 100.0 910.1807951813322 82.48729455253232 0.0 0.0 0.0 0.0 84525.66091401465 8452566.091401467 22652.464724761645 2265246.472476165 1450028.0 1450028.0 22974.38699517686 2297438.699517686 13939.638728556392 32069.992401488744 4591.792961702679 4591.792961702679 1.4486852936656172 144.8685293665617 0.16754110414724335 16.754110414724334 340.76970666680995 21.0 59.0 96.0
40620.00836658444 1.0 100.0 902.7941871684611 81.64496791371259 0.0 0.0 0.0 0.0 84612.67091401464 8461267.091401467 22687.854724761644 2268785.472476165 1455788.0 1455788.0 23023.868935139955 2302386.8935139957 13939.638728556392 32150.11007540419 4596.3768453644825 4596.3768453644825 1.4649496158155006 146.49496158155011 0.16692960974838356 16.692960974838353 342.02410666681135 21.0 60.0 96.0
40680.00836658444 1.0 100.0 895.5286647825201 80.78684644080653 0.0 0.0 0.0 0.0 84698.71091401465 8469871.091401467 22723.984724761645 2272398.472476165 1461571.0 1461571.0 23076.604082638863 2307660.408263886 13939.638728556392 32230.054507213863 4642.643744242064 4642.643744242064 1.4259503057621596 142.59503057621592 0.1708148180480697 17.081481804806966 343.30140444458937 22.0 60.0 97.0
40740.00836658444 1.0 100.0 888.2597861626768 79.94650153212551 0.0 0.0 0.0 0.0 84785.24091401465 8478524.091401467 22759.254724761646 2275925.472476165 1467391.0 1467391.0 23130.32330158009 2313032.3301580083 13939.638728556392 32311.86621467695 4638.370296071565 4638.370296071565 1.4157722971867646 141.57722971867645 0.16551804371698053 16.551804371698054 344.6155377779211 22.0 59.0 97.0
40800.00836658444 1.0 100.0 881.0312493355661 79.09807168752562 0.0 0.0 0.0 0.0 84871.37091401465 8487137.091401467 22794.924724761644 2279492.472476165 1473211.0 1473211.0 23182.538640111587 2318253.8640111582 13939.638728556392 32391.926674958802 4629.990220155721 4629.990220155721 1.4201799555721548 142.01799555721553 0.1707706572127243 17.077065721272444 345.9296711112528 22.0 60.0 97.0
40860.00836658444 1.0 100.0 873.8299483097009 78.26085533807587 0.0 0.0 0.0 0.0 84957.73091401465 8495773.091401467 22830.034724761645 2283003.472476165 1479064.0 1479064.0 23233.680511350674 2323368.051135067 13939.638728556392 32474.648042509063 4690.965002533668 4690.965002533668 1.4353715339907178 143.5371533990718 0.16499986177404447 16.499986177404452 347.2438044445845 22.0 57.99999999999999 98.0
40920.00836658444 1.0 100.0 866.6843629731958 77.42358872803953 0.0 0.0 0.0 0.0 85043.76091401465 8504376.091401467 22865.204724761643 2286520.472476165 1484944.0 1484944.0 23281.31280051449 2328131.280051448 13939.638728556392 32495.79342613681 4677.937621274459 4677.937621274459 1.4249152457126995 142.49152457126993 0.16359855788383634 16.359855788383637 348.5579377779162 22.0 57.99999999999999 98.0
40980.00836658444 1.0 100.0 859.4696422319886 76.5995422310386 0.0 0.0 0.0 0.0 85130.43091401465 8513043.091401467 22899.734724761645 2289973.472476165 1490824.0 1490824.0 23328.568456677578 2332856.845667756 13939.638728556392 32495.79342613681 4680.930554059602 4680.930554059602 1.4611121132016138 146.11121132016137 0.1589946395714959 15.899463957149587 349.8720711112479 22.0 56.00000000000001 98.0
41040.00836658444 1.0 100.0 852.1682602086878 75.79986304460718 0.0 0.0 0.0 0.0 85218.28091401464 8521828.091401467 22933.084724761644 2293308.472476165 1496704.0 1496704.0 23378.80948524769 2337880.9485247675 14004.552101118908 32495.79342613681 4693.402041763284 4693.402041763284 1.4340219893973636 143.40219893973637 0.15761269702000288 15.761269702000291 351.18620444457963 22.0 56.00000000000001 98.0
41100.00836658444 1.0 100.0 844.8667426794333 74.9969552458469 0.0 0.0 0.0 0.0 85305.91091401465 8530591.091401467 22966.654724761644 2296665.472476165 1502584.0 1502584.0 23428.165748925312 2342816.5748925293 14084.899030110591 32515.54199468209 4690.098223121129 4690.098223121129 1.3943264169386893 139.43264169386893 0.15924646800981165 15.924646800981169 352.50033777791134 22.0 56.99999999999999 98.0
41160.00836658444 1.0 100.0 837.742450762957 74.15308920344762 0.0 0.0 0.0 0.0 85391.61091401464 8539161.091401467 23002.154724761644 2300215.472476165 1508464.0 1508464.0 23475.955275764896 2347595.527576488 14166.960891842798 32601.789001939076 4681.492915445312 4681.492915445312 1.412331358656709 141.23313586567093 0.16529031355789722 16.529031355789726 353.81447111124305 22.0 57.99999999999999 98.0
41220.00836658444 1.0 100.0 830.5963698066088 73.31631428476716 0.0 0.0 0.0 0.0 85477.70091401465 8547770.091401467 23037.264724761644 2303726.472476165 1514344.0 1514344.0 23522.525955636993 2352252.5955636986 14248.346265414233 32687.10894762012 4690.607691052395 4690.607691052395 1.3737484517191283 137.37484517191277 0.16844540834150817 16.844540834150816 355.12860444457476 22.0 59.0 98.0
41280.00836658444 1.0 100.0 823.3835981748562 72.49421222125164 0.0 0.0 0.0 0.0 85564.50091401464 8556450.091401467 23071.664724761646 2307166.472476165 1520224.0 1520224.0 23568.652089919327 2356865.2089919318 14284.534361431193 32773.126078985864 4694.8634054003305 4694.8634054003305 1.471487352376045 147.14873523760443 0.1568942940199727 15.689429401997273 356.4427377779065 22.0 55.00000000000001 98.0
41340.00836658444 1.0 100.0 816.0729455419336 71.69074404797713 0.0 0.0 0.0 0.0 85652.19091401465 8565219.091401467 23105.174724761644 2310517.472476165 1526104.0 1526104.0 23615.409833230457 2361540.9833230455 14284.534361431193 32860.34730641362 4684.035725812898 4684.035725812898 1.4118354138101041 141.18354138101043 0.1611200457251143 16.112004572511424 357.7568711112382 22.0 56.99999999999999 98.0
41400.00836658444 1.0 100.0 808.7933504277136 70.88194696205302 0.0 0.0 0.0 0.0 85739.68091401465 8573968.091401467 23138.884724761643 2313888.472476165 1531984.0 1531984.0 23662.37136733252 2366237.136733252 14284.534361431193 32946.87641654902 4682.83217345332 4682.83217345332 1.4721132387078286 147.21132387078288 0.16041576517016445 16.04157651701644 359.0710044445699 22.0 56.00000000000001 98.0
41460.00836658444 1.0 100.0 801.4964005076649 70.07502704746254 0.0 0.0 0.0 0.0 85827.19091401465 8582719.091401467 23172.574724761645 2317257.472476165 1537864.0 1537864.0 23709.197968384422 2370919.796838443 14284.534361431193 33030.49135197403 4694.6694874992445 4694.6694874992445 1.4494947061962924 144.9494706196292 0.15935449833028262 15.935449833028262 360.3851377779016 22.0 56.99999999999999 98.0
41520.00836658444 1.0 100.0 794.2685404232933 69.25367927044866 0.0 0.0 0.0 0.0 85914.00091401464 8591400.091401467 23206.964724761645 2320696.472476165 1543744.0 1543744.0 23753.77592174174 2375377.5921741743 14284.534361431193 33113.5043270533 4693.722538637133 4693.722538637133 1.431999072476577 143.1999072476577 0.16112329065115458 16.112329065115457 361.6992711112333 22.0 56.99999999999999 98.0
41580.00836658444 1.0 100.0 786.9626508365127 68.4488802056878 0.0 0.0 0.0 0.0 86001.61091401464 8600161.091401467 23240.554724761645 2324055.472476165 1549624.0 1549624.0 23798.04413419006 2379804.4134190055 14284.534361431193 33196.44236308462 4688.437217237876 4688.437217237876 1.4609105331586383 146.09105331586392 0.1604888098983575 16.04888098983575 363.013404444565 22.0 56.00000000000001 98.0
41640.00836658444 1.0 100.0 779.6874227926535 67.64032996133756 0.0 0.0 0.0 0.0 86089.06091401464 8608906.091401467 23274.304724761645 2327430.472476165 1555504.0 1555504.0 23845.402134618467 2384540.213461846 14292.513318407908 33278.210092094945 4682.1710326580915 4682.1710326580915 1.4339127727581629 143.3912772758163 0.1585274775004844 15.852747750048433 364.32753777789674 22.0 56.00000000000001 98.0
41700.00836658444 1.0 100.0 772.3298908469967 66.84361957455523 0.0 0.0 0.0 0.0 86177.11091401464 8617711.091401467 23307.454724761643 2330745.472476165 1561384.0 1561384.0 23897.360810145543 2389736.0810145545 14377.161205921504 33361.02134059672 4686.679848406706 4686.679848406706 1.4539563830709659 145.3956383070966 0.15739265993621424 15.739265993621423 365.64167111122845 22.0 55.00000000000001 98.0
41760.00836658444 1.0 100.0 765.0315272118889 66.03702770387275 0.0 0.0 0.0 0.0 86264.60091401465 8626460.091401467 23341.164724761646 2334116.472476165 1567264.0 1567264.0 23950.53182387577 2395053.182387576 14463.981390528197 33441.10802278923 4679.362775420859 4679.362775420859 1.4428410906414453 144.28410906414445 0.16060559395380242 16.060559395380242 366.95580444456016 22.0 56.99999999999999 98.0
41820.00836658444 1.0 100.0 758.0034771207746 65.20142916098978 0.0 0.0 0.0 0.0 86350.11091401464 8635011.091401467 23376.294724761643 2337629.472476165 1573200.0 1573200.0 24003.949857046744 2400394.985704674 14550.713555832936 33522.690757951576 4740.707308757442 4740.707308757442 1.3871599982890594 138.7159998289059 0.17017010196021662 17.01701019602167 368.26993777789187 22.0 60.0 99.0
41880.00836658444 1.0 100.0 750.9296006671442 64.37612539092127 0.0 0.0 0.0 0.0 86436.27091401465 8643627.091401467 23410.734724761645 2341073.472476165 1579140.0 1579140.0 24053.36564968954 2405336.564968953 14637.629349056002 33559.652525018806 4733.878620507492 4733.878620507492 1.4055370295008596 140.553702950086 0.15741297716479014 15.74129771647902 369.5840711112236 22.0 55.00000000000001 99.0
41940.00836658444 1.0 100.0 743.6479836778402 63.588956333878066 0.0 0.0 0.0 0.0 86524.17091401464 8652417.091401467 23443.424724761644 2344342.472476165 1585081.0 1585081.0 24104.162627878795 2410416.2627878785 14723.927309219383 33559.652525018806 4779.141126304013 4779.141126304013 1.450168857747579 145.01688577475795 0.1522130714518494 15.221307145184937 370.8982044445553 22.0 53.0 100.0
42000.00836658444 1.0 100.0 736.4321402423701 62.82081393327428 0.0 0.0 0.0 0.0 86612.35091401465 8661235.091401467 23475.244724761644 2347524.472476165 1591081.0 1591081.0 24157.690402037417 2415769.0402037427 14804.239129974472 33559.652525018806 4781.926785666525 4781.926785666525 1.429181575041191 142.91815750411908 0.15536861050995163 15.53686105099516 372.212337777887 22.0 54.0 100.0
42060.00836658444 1.0 100.0 729.2180853823032 62.04829954529344 0.0 0.0 0.0 0.0 86700.33091401464 8670033.091401467 23507.264724761644 2350726.472476165 1597081.0 1597081.0 24210.4021485687 2421040.21485687 14884.29959025625 33559.652525018806 4781.05218122249 4781.05218122249 1.4357572297360732 143.57572297360733 0.15034958013105118 15.03495801310512 373.5264711112187 22.0 52.0 100.0
42120.00836658444 1.0 100.0 721.7976902513633 61.31996278143029 0.0 0.0 0.0 0.0 86790.42091401464 8679042.091401467 23537.174724761644 2353717.472476165 1603081.0 1603081.0 24263.5431167429 2426354.3116742903 14964.594052641814 33559.652525018806 4782.695631950776 4782.695631950776 1.4451753138752672 144.51753138752673 0.14322813361585446 14.322813361585446 374.8406044445504 22.0 50.0 100.0
42180.00836658444 1.0 100.0 714.2909405258362 60.60234423346823 0.0 0.0 0.0 0.0 86881.01091401465 8688101.091401467 23566.584724761644 2356658.472476165 1609081.0 1609081.0 24316.06510097035 2431606.5100970343 15044.655767260108 33559.652525018806 4784.431052796779 4784.431052796779 1.4722855069155294 147.22855069155295 0.138154513900073 13.815451390007299 376.15473777788213 22.0 48.0 100.0
42240.00836658444 1.0 100.0 706.6686450017494 59.91141463072455 0.0 0.0 0.0 0.0 86972.83091401464 8697283.091401467 23594.764724761644 2359476.472476165 1615081.0 1615081.0 24366.81968013694 2436681.968013694 15126.865420488542 33559.652525018806 4774.801397229877 4774.801397229877 1.4882425566286408 148.82425566286412 0.13634632682413322 13.634632682413326 377.46887111121384 22.0 47.0 100.0
42300.00836658444 1.0 100.0 699.0937394122161 59.215092241674526 0.0 0.0 0.0 0.0 87064.42091401464 8706442.091401467 23623.174724761644 2362317.472476165 1621081.0 1621081.0 24417.840557061114 2441784.0557061117 15210.331717307157 33559.652525018806 4788.884435700567 4788.884435700567 1.5141273136116258 151.4127313611626 0.13733648921101707 13.733648921101706 378.78300444454555 22.0 47.0 100.0
42360.00836658444 1.0 100.0 691.5241843177412 58.514583750006445 0.0 0.0 0.0 0.0 87155.87091401465 8715587.091401467 23651.724724761643 2365172.472476165 1627081.0 1627081.0 24467.67967243184 2446767.967243183 15292.207127161599 33559.652525018806 4777.124450454761 4777.124450454761 1.516028626187191 151.602862618719 0.13553707232659018 13.553707232659011 380.09713777787726 22.0 47.0 100.0
42420.00836658444 0.99 99.0 684.2855095738605 57.82512055361299 0.009999999999999995 1.0 0.0 0.0 87248.15091401465 8724815.091401467 23679.894724761645 2367989.472476165 1633036.0 1633036.0 24515.600290163962 2451560.0290163956 15374.84217295084 33559.652525018806 4735.81517322717 4735.81517322717 1.5327449150919576 153.27449150919585 0.13535401631463775 13.535401631463781 381.411271111209 22.0 46.0 99.0
42480.00836658444 0.99 99.0 677.1631377035454 57.129465061593855 0.009999999999999995 1.0 0.0 0.0 87340.42091401464 8734042.091401467 23708.224724761643 2370822.472476165 1638976.0 1638976.0 24564.490960709783 2456449.096070979 15458.161907510032 33559.652525018806 4729.177808711023 4729.177808711023 1.5136219281803138 151.36219281803142 0.13443391167175778 13.443391167175774 382.7254044445407 22.0 46.0 99.0
42540.00836658444 0.99 99.0 669.9268012955843 56.456917383868195 0.009999999999999995 1.0 0.0 0.0 87433.70091401465 8743370.091401467 23735.544724761643 2373554.472476165 1644916.0 1644916.0 24613.850881191876 2461385.088119188 15541.469867861411 33559.652525018806 4731.653031309271 4731.653031309271 1.5023726978508987 150.2372697850899 0.13613517835024852 13.613517835024854 384.0395377778724 22.0 45.0 99.0
42600.00836658444 0.98 98.0 663.0078621160047 55.778476229611194 0.019999999999999993 2.0 0.0 0.0 87527.07091401465 8752707.091401467 23763.164724761646 2376316.472476165 1650817.0 1650817.0 24661.85073389336 2466185.0733893355 15622.346713730692 33559.652525018806 4680.531559075368 4680.531559075368 1.528037479891128 152.80374798911288 0.13373185729174428 13.373185729174423 385.3536711112041 22.0 46.0 98.0
42660.00836658444 0.98 98.0 656.2842245333476 55.09582512061911 0.019999999999999993 2.0 0.0 0.0 87620.47091401464 8762047.091401467 23790.964724761645 2379096.472476165 1656697.0 1656697.0 24711.121893620104 2471112.1893620095 15702.72704440457 33559.652525018806 4691.009762116058 4691.009762116058 1.5182856717241708 151.82856717241705 0.13381216815078817 13.381216815078815 386.6678044445358 22.0 46.0 98.0
42720.00836658444 0.98 98.0 649.5078554854414 54.42215774667365 0.019999999999999993 2.0 0.0 0.0 87714.33091401464 8771433.091401467 23818.304724761645 2381830.472476165 1662577.0 1662577.0 24760.94090610131 2476094.0906101298 15786.187642949282 33559.652525018806 4679.265320383766 4679.265320383766 1.5737606922502196 157.37606922502204 0.13067254385206473 13.067254385206477 387.98193777786753 22.0 45.0 98.0
42780.00836658444 0.98 98.0 642.6570489948913 53.760095708816465 0.019999999999999993 2.0 0.0 0.0 87808.76091401465 8780876.091401467 23845.074724761645 2384507.472476165 1668457.0 1668457.0 24810.927344048112 2481092.7344048107 15869.774561242926 33559.652525018806 4694.01394026706 4694.01394026706 1.5260116436504099 152.60116436504103 0.13204720333793693 13.204720333793698 389.29607111119924 22.0 45.0 98.0
42840.00836658444 0.98 98.0 635.9301716302646 53.07871780279707 0.019999999999999993 2.0 0.0 0.0 87902.18091401465 8790218.091401467 23872.854724761644 2387285.472476165 1674337.0 1674337.0 24862.506093289045 2486250.6093289033 15952.793416831744 33623.04887860238 4679.397233994733 4679.397233994733 1.528640739541229 152.8640739541229 0.1325486170093335 13.254861700933347 390.61020444453095 22.0 45.0 98.0
42900.00836658444 0.98 98.0 629.1122519002671 52.41195579427402 0.019999999999999993 2.0 0.0 0.0 87996.30091401465 8799630.091401467 23899.934724761642 2389993.472476165 1680217.0 1680217.0 24913.950685557993 2491395.068555798 16035.73328575049 33709.78104390721 4682.3192621068965 4682.3192621068965 1.5247250648705433 152.4725064870544 0.13548223336505416 13.548223336505412 391.92433777786266 22.0 46.0 98.0
42960.00836658444 0.98 98.0 622.2974211798867 51.74386753466999 0.019999999999999993 2.0 0.0 0.0 88090.45091401465 8809045.091401467 23926.984724761645 2392698.472476165 1686097.0 1686097.0 24966.30107284578 2496630.107284577 16118.268118859192 33796.5844329409 4694.338475911865 4694.338475911865 1.56222399454288 156.22239945428808 0.13008335983129735 13.008335983129735 393.2384711111944 22.0 44.0 98.0
43020.00836658444 0.98 98.0 615.3315166905154 51.10879001045148 0.019999999999999993 2.0 0.0 0.0 88186.12091401465 8818612.091401467 23952.514724761644 2395251.472476165 1691977.0 1691977.0 25017.323594106747 2501732.3594106734 16199.785417846477 33879.79850440494 4694.875944143038 4694.875944143038 1.557297642756094 155.72976427560937 0.12486269629036982 12.486269629036984 394.5526044445261 22.0 42.0 98.0
43080.00836658444 0.98 98.0 608.2412006252296 50.498462101614045 0.019999999999999993 2.0 0.0 0.0 88283.00091401464 8828300.091401465 23976.834724761644 2397683.472476165 1697857.0 1697857.0 25070.07159271888 2507007.159271887 16282.639124664445 33880.68806507472 4695.029627880051 4695.029627880051 1.5987761288886557 159.87761288886554 0.11960371995935079 11.960371995935075 395.8667377778578 22.0 40.0 98.0
43140.00836658444 0.98 98.0 601.1414380610556 49.88739232577607 0.019999999999999993 2.0 0.0 0.0 88379.77091401465 8837977.091401465 24001.264724761644 2400126.472476165 1703737.0 1703737.0 25122.8621512583 2512286.2151258276 16365.766931560222 33880.68806507472 4680.001402382115 4680.001402382115 1.5589947099356936 155.89947099356942 0.12717039840943745 12.717039840943743 397.1808711111895 22.0 44.0 98.0
43200.00836658444 0.97 97.0 594.5020384780003 49.232775746746185 0.02999999999999998 3.0 0.0 0.0 88474.90091401465 8847490.091401465 24027.704724761643 2402770.472476165 1709580.0 1709580.0 25177.353248035066 2517735.324803507 16447.62298502614 33880.68806507472 4643.184311946643 4643.184311946643 1.5554740274008763 155.5474027400876 0.12855330360874334 12.855330360874328 398.4950044445212 22.0 44.0 97.0
43260.00836658444 0.97 97.0 588.067708526029 48.57025996634171 0.02999999999999998 3.0 0.0 0.0 88569.87091401465 8856987.091401465 24054.534724761645 2405453.472476165 1715400.0 1715400.0 25232.265077248263 2523226.5077248253 16529.66368492879 33880.68806507472 4629.644001430275 4629.644001430275 1.5409820153210314 154.0982015321031 0.1305404947110976 13.05404947110976 399.8091377778529 22.0 45.0 97.0
43320.00836658444 0.96 96.0 581.7911711910828 47.9422153489892 0.03999999999999998 4.0 0.0 0.0 88667.01091401465 8866701.091401465 24079.654724761644 2407965.472476165 1721174.0 1721174.0 25284.84080121255 2528484.0801212536 16611.755854456405 33880.68806507472 4582.834807403191 4582.834807403191 1.6006081686128975 160.06081686128977 0.1186863650858417 11.868636508584173 401.0774755556314 21.0 42.0 96.0
43380.00836658444 0.96 96.0 575.664484720956 47.30018814970928 0.03999999999999998 4.0 0.0 0.0 88763.52091401465 8876352.091401465 24105.544724761643 2410554.472476165 1726934.0 1726934.0 25335.67081253518 2533567.0812535184 16693.363328214105 33880.68806507472 4597.277180376928 4597.277180376928 1.5554032263058146 155.54032263058147 0.12921782524456876 12.921782524456875 402.3318755556328 21.0 43.0 96.0
43440.00836658444 0.95 95.0 570.066765007671 46.64472318785117 0.05 5.0 0.0 0.0 88860.04091401465 8886004.091401465 24132.024724761643 2413202.472476165 1732634.0 1732634.0 25388.77452118337 2538877.452118336 16775.01622191388 33880.68806507472 4544.70423390984 4544.70423390984 1.5672248325577969 156.7224832557797 0.12727106023663376 12.727106023663374 403.5862755556342 21.0 43.0 95.0
43500.00836658444 0.95 95.0 564.3562466987461 46.01687206964156 0.05 5.0 0.0 0.0 88957.82091401465 8895782.091401465 24157.244724761644 2415724.472476165 1738334.0 1738334.0 25443.52321379538 2544352.3213795368 16856.669035403876 33880.68806507472 4541.056350808625 4541.056350808625 1.6135747042553263 161.35747042553263 0.11752388230355186 11.752388230355184 404.8406755556356 21.0 40.0 95.0
43560.00836658444 0.95 95.0 558.5049080369264 45.41471164449126 0.05 5.0 0.0 0.0 89056.90091401465 8905690.091401465 24181.164724761646 2418116.472476165 1744034.0 1744034.0 25496.007080206855 2549600.708020686 16937.34600470941 33880.68806507472 4534.608506364896 4534.608506364896 1.6355768838920162 163.55768838920164 0.11912428710988386 11.912428710988388 406.095075555637 21.0 40.0 95.0
43620.00836658444 0.95 95.0 552.6015600370914 44.81981822822796 0.05 5.0 0.0 0.0 89156.34091401465 8915634.091401465 24204.724724761643 2420472.472476165 1749734.0 1749734.0 25550.263091429148 2555026.309142915 17019.482993529673 33880.68806507472 4546.978476237052 4546.978476237052 1.571842696016051 157.18426960160514 0.1191392450671677 11.91392450671676 407.3494755556384 21.0 40.0 95.0
43680.00836658444 0.94 94.0 546.7543872420744 44.21721074079826 0.05999999999999996 6.0 0.0 0.0 89255.35091401465 8925535.091401465 24228.734724761645 2422873.472476165 1755432.0 1755432.0 25602.94237109893 2560294.237109893 17107.125683198985 33880.68806507472 4495.753991903659 4495.753991903659 1.6119255815608344 161.19255815608338 0.11794588830869157 11.794588830869154 408.6038755556398 21.0 39.0 94.0
43740.00836658444 0.94 94.0 541.2984100676108 43.625422707367335 0.05999999999999996 6.0 0.009999999999999993 1.0 89355.14091401464 8935514.091401465 24252.544724761643 2425254.472476165 1761072.0 1761072.0 25654.61342718584 2565461.3427185854 17193.560048886946 33880.68806507472 4487.344622627406 4487.344622627406 1.6254705894189132 162.5470589418913 0.1167821818794958 11.678218187949575 409.85827555564117 21.0 39.0 94.0
43800.00836658444 0.9299999999999999 93.0 536.2724594917937 43.068562046112504 0.06999999999999998 7.0 0.009999999999999993 1.0 89455.22091401464 8945522.091401465 24276.574724761645 2427657.472476165 1766662.0 1766662.0 25705.372651891958 2570537.2651891946 17279.994501899306 33880.68806507472 4443.820938756117 4443.820938756117 1.5930722000977444 159.30722000977434 0.12042243294721545 12.042243294721544 411.11267555564257 21.0 41.0 93.0
43860.00836658444 0.9299999999999999 93.0 531.4131483345911 42.49210749163817 0.06999999999999998 7.0 0.009999999999999993 1.0 89554.54091401465 8955454.091401465 24301.454724761643 2430145.472476165 1772242.0 1772242.0 25754.460252005098 2575446.02520051 17366.39895655306 33880.68806507472 4438.978140399592 4438.978140399592 1.6152723126228834 161.52723126228832 0.12299048053101491 12.299048053101494 412.36707555564396 21.0 41.0 93.0
43920.00836658444 0.9299999999999999 93.0 526.3922519357193 41.94765703922579 0.06999999999999998 7.0 0.009999999999999993 1.0 89655.43091401465 8965543.091401465 24324.764724761644 2432476.472476165 1777822.0 1777822.0 25802.088687258678 2580208.868725868 17450.91776600932 33880.68806507472 4453.494455252832 4453.494455252832 1.6215239580324055 162.15239580324052 0.11782162395269928 11.78216239526993 413.62147555564536 21.0 39.0 93.0
43980.00836658444 0.9299999999999999 93.0 521.337931565677 41.40996090281149 0.06999999999999998 7.0 0.009999999999999993 1.0 89756.65091401465 8975665.091401465 24347.744724761644 2434774.472476165 1783402.0 1783402.0 25849.281473620515 2584928.147362051 17497.442785350984 33880.68806507472 4448.650684135847 4448.650684135847 1.605435828178221 160.54358281782208 0.11931043574566175 11.93104357456618 414.87587555564676 21.0 39.0 93.0
44040.00836658444 0.9299999999999999 93.0 516.3413365778581 40.86478894664708 0.06999999999999998 7.0 0.009999999999999993 1.0 89857.46091401465 8985746.091401465 24371.134724761643 2437113.472476165 1788982.0 1788982.0 25896.178078859022 2589617.807885901 17501.95156172918 33880.68806507472 4450.962055439614 4450.962055439614 1.6126919614577022 161.26919614577017 0.11742019495116288 11.742019495116288 416.13027555564815 21.0 39.0 93.0
44100.00836658444 0.9299999999999999 93.0 511.19854066145484 40.342838467402395 0.06999999999999998 7.0 0.009999999999999993 1.0 89959.43091401465 8995943.091401465 24393.364724761643 2439336.472476165 1794562.0 1794562.0 25942.97361397528 2594297.361397526 17575.299711898435 33880.68806507472 4444.062845655695 4444.062845655695 1.6661963387340508 166.61963387340515 0.10461327840454018 10.461327840454018 417.38467555564955 21.0 34.0 93.0
44160.00836658444 0.9299999999999999 93.0 505.9717551601999 39.84098716235077 0.06999999999999998 7.0 0.009999999999999993 1.0 90062.28091401464 9006228.091401465 24414.714724761645 2441471.472476165 1800142.0 1800142.0 25989.86074094721 2598986.0740947207 17575.299711898435 33908.78515621548 4443.997767402534 4443.997767402534 1.6358701516537166 163.58701516537175 0.10784198666078956 10.784198666078954 418.63907555565095 21.0 35.0 93.0
44220.00836658444 0.9299999999999999 93.0 500.672417413296 39.35092037115101 0.06999999999999998 7.0 0.009999999999999993 1.0 90165.72091401464 9016572.091401467 24435.474724761643 2443547.472476165 1805722.0 1805722.0 26036.740745615643 2603674.0745615647 17575.299711898435 33908.78515621548 4454.011081925878 4454.011081925878 1.6799934842877453 167.99934842877454 0.09954233514221858 9.954233514221857 419.89347555565234 21.0 32.0 93.0
44280.00836658444 0.92 92.0 495.4711254853019 38.88130211063303 0.07999999999999999 8.0 0.009999999999999993 1.0 90270.36091401464 9027036.091401467 24455.294724761643 2445529.472476165 1811276.0 1811276.0 26083.3127409623 2608331.2740962296 17575.299711898435 33908.78515621548 4396.101766713091 4396.101766713091 1.6768981260812141 167.68981260812143 0.10497021194679133 10.497021194679135 421.1329422223203 20.0 35.0 92.0
44340.00836658444 0.92 92.0 490.6955517483916 38.385410077996596 0.07999999999999999 8.0 0.009999999999999993 1.0 90374.10091401465 9037410.091401467 24476.354724761644 2447635.472476165 1816796.0 1816796.0 26128.081806357506 2612808.180635749 17575.299711898435 33908.78515621548 4407.185924947156 4407.185924947156 1.6292742557732627 162.92742557732632 0.10931284949904083 10.931284949904084 422.3634488889882 21.0 36.0 92.0
44400.00836658444 0.92 92.0 485.91370091479644 37.88694575829727 0.07999999999999999 8.0 0.009999999999999993 1.0 90477.80091401465 9047780.091401467 24497.454724761643 2449745.472476165 1822316.0 1822316.0 26171.63899080085 2617163.899080084 17575.299711898435 33908.78515621548 4402.323440580542 4402.323440580542 1.6671248645691223 166.71248645691227 0.10822338637075378 10.82233863707538 423.58499555565606 21.0 35.0 92.0
44460.00836658444 0.92 92.0 481.1104982874062 37.39501519243575 0.07999999999999999 8.0 0.009999999999999993 1.0 90581.74091401465 9058174.091401467 24518.314724761643 2451831.472476165 1827836.0 1827836.0 26217.619875083557 2621761.987508354 17575.299711898435 33929.199600365944 4394.209831560818 4394.209831560818 1.6656002044552267 166.56002044552267 0.10905254553368669 10.905254553368668 424.8015644445461 20.0 36.0 92.0
44520.00836658444 0.9099999999999999 91.0 476.4456930348424 36.89293149980966 0.09 9.0 0.009999999999999993 1.0 90685.39091401464 9068539.091401467 24539.614724761643 2453961.472476165 1833341.0 1833341.0 26266.0245890858 2626602.458908578 17575.299711898435 34011.465643369724 4351.713196601969 4351.713196601969 1.6564222420095196 165.64222420095197 0.10631355226401905 10.631355226401903 426.02311111121395 20.0 35.0 91.0
44580.00836658444 0.9099999999999999 91.0 472.1596859607361 36.381998877155695 0.09 9.0 0.009999999999999993 1.0 90789.10091401465 9078910.091401467 24561.304724761645 2456130.472476165 1838801.0 1838801.0 26313.478480081565 2631347.8480081554 17575.299711898435 34091.538022686946 4346.965320552247 4346.965320552247 1.656364088642115 165.63640886421155 0.1113645270863001 11.13645270863001 427.2177777778816 20.0 37.0 91.0
44640.00836658444 0.9099999999999999 91.0 467.9276231285509 35.864989756485166 0.09 9.0 0.009999999999999993 1.0 90892.45091401465 9089245.091401467 24583.354724761644 2458335.472476165 1844261.0 1844261.0 26359.20411219081 2635920.41121908 17575.299711898435 34173.74964421735 4357.426432601244 4357.426432601244 1.6328409873806906 163.28409873806902 0.11250750718048613 11.25075071804862 428.4124444445493 20.0 36.0 91.0
44700.00836658444 0.9 90.0 464.04713347952236 35.35413256877364 0.09999999999999998 10.0 0.009999999999999993 1.0 90996.64091401464 9099664.091401467 24605.124724761645 2460512.472476165 1849665.0 1849665.0 26404.785729165415 2640478.572916541 17575.299711898435 34202.07647888855 4304.2286741122325 4304.2286741122325 1.6399871608039704 163.99871608039703 0.11141554052970945 11.141554052970951 429.60711111121697 20.0 36.0 90.0
44760.00836658444 0.89 89.0 460.17601842436574 34.854307174775435 0.10999999999999999 11.0 0.009999999999999993 1.0 91101.52091401465 9110152.091401467 24626.324724761645 2462632.472476165 1855058.0 1855058.0 26450.30410741222 2645030.4107412216 17575.299711898435 34202.07647888855 4260.851303556748 4260.851303556748 1.629795485923294 162.9795485923294 0.11135045636559013 11.135045636559012 430.80177777788464 20.0 36.0 89.0
44820.00836658444 0.89 89.0 456.95027732106524 34.31064200016786 0.10999999999999999 11.0 0.009999999999999993 1.0 91204.76091401465 9120476.091401467 24649.684724761642 2464968.472476165 1860398.0 1860398.0 26494.753683568135 2649475.368356812 17575.299711898435 34202.07647888855 4251.607028737015 4251.607028737015 1.5849705486294428 158.4970548629443 0.11945874669437226 11.945874669437224 431.9964444445523 20.0 40.0 89.0
44880.00836658444 0.89 89.0 453.73029841625447 33.76593902080591 0.10999999999999999 11.0 0.009999999999999993 1.0 91308.09091401465 9130809.091401467 24672.954724761643 2467295.472476165 1865738.0 1865738.0 26539.168865330543 2653916.886533054 17575.299711898435 34202.07647888855 4249.597694401109 4249.597694401109 1.6278862636683558 162.78862636683556 0.11233202387105487 11.233202387105491 433.19111111122 20.0 37.0 89.0
44940.00836658444 0.88 88.0 450.68817840869104 33.260824029695556 0.11999999999999997 12.0 0.019999999999999993 2.0 91412.51091401465 9141251.091401467 24695.454724761643 2469545.472476165 1871046.0 1871046.0 26581.105148292645 2658110.514829264 17575.299711898435 34202.07647888855 4204.276024755785 4204.276024755785 1.6252991502133902 162.52991502133904 0.11358232444785922 11.358232444785916 434.38577777788765 20.0 38.0 88.0
45000.00836658444 0.88 88.0 447.8087824636242 32.77662979279796 0.11999999999999997 12.0 0.019999999999999993 2.0 91517.66091401465 9151766.091401467 24717.504724761646 2471750.472476165 1876326.0 1876326.0 26623.20205541323 2662320.205541322 17575.299711898435 34202.07647888855 4211.670157105921 4211.670157105921 1.6461652684450327 164.61652684450326 0.10724837010039634 10.724837010039632 435.5804444445553 20.0 35.0 88.0
45060.00836658444 0.88 88.0 444.8160828742712 32.319883351538 0.11999999999999997 12.0 0.019999999999999993 2.0 91624.13091401465 9162413.091401467 24738.234724761645 2473823.472476165 1881606.0 1881606.0 26665.389713768975 2666538.971376897 17575.299711898435 34202.07647888855 4212.137602644322 4212.137602644322 1.6939995473460792 169.39995473460795 0.09746183519933428 9.74618351993343 436.775111111223 20.0 32.0 88.0
45120.00836658444 0.87 87.0 441.69046537320514 31.887523637655242 0.13000000000000006 13.0 0.019999999999999993 2.0 91731.71091401465 9173171.091401467 24757.884724761643 2475788.472476165 1886883.0 1886883.0 26706.581991601488 2670658.1991601484 17575.299711898435 34202.07647888855 4152.4018826547335 4152.4018826547335 1.6603737090536588 166.03737090536592 0.10269093323350936 10.269093323350932 437.966791111224 19.0 33.0 87.0
45180.00836658444 0.8600000000000001 86.0 439.1457936544943 31.429822749425508 0.13999999999999996 14.0 0.019999999999999993 2.0 91838.81091401464 9183881.091401467 24778.674724761644 2477867.472476165 1892094.0 1892094.0 26746.719420303863 2674671.9420303856 17575.299711898435 34278.86593957568 4118.762525307299 4118.762525307299 1.6403178946785422 164.03178946785425 0.10939781901896994 10.939781901896994 439.10172444455793 19.0 36.0 86.0
45240.00836658444 0.85 85.0 437.2813649684976 30.974623408340648 0.15000000000000002 15.0 0.019999999999999993 2.0 91947.09091401465 9194709.091401467 24799.304724761645 2479930.472476165 1897203.0 1897203.0 26785.890330308786 2678589.0330308788 17575.299711898435 34360.33564785908 4071.0416068133395 4071.0416068133395 1.6855556634165891 168.55556634165893 0.10333581126444995 10.333581126444995 440.2366577778919 19.0 34.0 85.0
45300.00836658444 0.83 83.0 435.6139947135061 30.53604660030313 0.17000000000000004 17.0 0.019999999999999993 2.0 92056.47091401464 9205647.091401467 24819.204724761643 2481920.472476165 1902275.0 1902275.0 26826.022771697222 2682602.2771697207 17575.299711898435 34440.82108354932 3969.527886342119 3969.527886342119 1.6900623737686102 169.00623737686107 0.09843448232595198 9.843448232595199 441.3715911112258 19.0 32.0 83.0
45360.00836658444 0.83 83.0 434.5138870821276 30.12569813197866 0.17000000000000004 17.0 0.029999999999999978 3.0 92168.03091401464 9216803.091401467 24837.844724761642 2483784.472476165 1907255.0 1907255.0 26864.530856121775 2686453.0856121765 17575.299711898435 34521.26498965336 3961.78844492019 3961.78844492019 1.709118843174318 170.91188431743188 0.09646785529877598 9.646785529877599 442.5065244445598 19.0 31.0 83.0
45420.00836658444 0.83 83.0 433.5039275822571 29.735217057877144 0.17000000000000004 17.0 0.029999999999999978 3.0 92278.54091401465 9227854.091401467 24857.534724761645 2485753.472476165 1912235.0 1912235.0 26903.60692806842 2690360.6928068427 17637.20183484178 34600.748999104784 3966.0261778097492 3966.0261778097492 1.6761373159795216 167.61373159795218 0.10392684805760181 10.392684805760185 443.6414577778937 19.0 34.0 83.0
45480.00836658444 0.81 81.0 432.8277508652013 29.34070047735253 0.19000000000000003 19.0 0.029999999999999978 3.0 92389.37091401465 9238937.091401467 24877.334724761644 2487733.472476165 1917172.0 1917172.0 26943.61879806004 2694361.8798060045 17719.658068152432 34683.88963353571 3879.893694872345 3879.893694872345 1.6755209968923426 167.55209968923432 0.10135304001668466 10.13530400166847 444.7544888890053 18.0 33.0 81.0
45540.00836658444 0.8000000000000002 80.0 432.7403820835932 28.96980698253077 0.19999999999999996 20.0 0.029999999999999978 3.0 92502.25091401464 9250225.091401467 24896.044724761643 2489604.472476165 1922013.0 1922013.0 26979.286765738783 2697928.676573877 17801.02974071648 34764.77631032838 3824.896963865664 3824.896963865664 1.714336066582655 171.4336066582655 0.0992744298969887 9.927442989698873 445.8296888890055 18.0 31.0 80.0
45600.00836658444 0.7799999999999999 78.0 432.95644841343767 28.612297653176867 0.21000000000000002 21.0 0.029999999999999978 3.0 92616.37091401465 9261637.091401467 24914.114724761643 2491411.472476165 1926794.0 1926794.0 27015.004652476306 2701500.46524763 17881.150674817734 34845.14725871035 3724.9324023864024 3724.9324023864024 1.695932197467661 169.59321974676615 0.09478753718548823 9.478753718548822 446.9038933334502 17.0 30.0 78.0
45660.00836658444 0.7799999999999999 78.0 433.99244842135835 28.24752758135131 0.21999999999999997 22.0 0.029999999999999978 3.0 92731.08091401464 9273108.091401467 24932.604724761644 2493260.472476165 1931474.0 1931474.0 27050.190054735875 2705019.0054735867 17961.550031280924 34925.65897875407 3731.401134714587 3731.401134714587 1.7098053935223168 170.98053935223166 0.09787394219070433 9.787394219070432 447.92035555567224 17.0 31.0 78.0
45720.00836658444 0.77 77.0 435.04094847868345 27.8810801498596 0.21999999999999997 22.0 0.029999999999999978 3.0 92845.82091401465 9284582.091401467 24951.074724761645 2495107.472476165 1936153.0 1936153.0 27084.68289816893 2708468.2898168922 18041.481461771455 35005.67870230713 3681.1781397068225 3681.1781397068225 1.6863915524747695 168.63915524747696 0.09797149965427238 9.797149965427236 448.9368177778943 17.0 31.0 77.0
45780.00836658444 0.77 77.0 436.42859022885335 27.513560946550918 0.22999999999999995 23.0 0.029999999999999978 3.0 92961.04091401465 9296104.091401467 24969.654724761644 2496965.472476165 1940773.0 1940773.0 27121.84151537516 2712184.1515375148 18122.689777176136 35086.57307638555 3680.3936840654783 3680.3936840654783 1.6994056698285418 169.94056698285414 0.09864644466920981 9.864644466920984 449.9522844445608 17.0 32.0 77.0
45840.00836658444 0.77 77.0 437.8398247801916 27.14131700317438 0.22999999999999995 23.0 0.029999999999999978 3.0 93076.08091401464 9307608.091401467 24988.414724761646 2498841.472476165 1945393.0 1945393.0 27162.179133109763 2716217.9133109762 18204.540608116662 35168.78696492388 3679.922480994087 3679.922480994087 1.6724218785843623 167.24218785843624 0.09867397629583939 9.867397629583945 450.9677511112273 17.0 32.0 77.0
45900.00836658444 0.7399999999999999 74.0 439.7801272223995 26.778963824060757 0.2600000000000001 26.0 0.03999999999999998 4.0 93192.14091401464 9319214.091401467 25007.004724761646 2500700.472476165 1949928.0 1949928.0 27198.97105219023 2719897.105219023 18286.02048416758 35256.34102263237 3541.139182733595 3541.139182733595 1.7055954912781137 170.5595491278113 0.09231984285202698 9.2319842852027 451.9832177778938 17.0 30.0 74.0
45960.00836658444 0.7399999999999999 74.0 442.3572137196916 26.458620019064554 0.2600000000000001 26.0 0.03999999999999998 4.0 93309.87091401465 9330987.091401467 25024.874724761645 2502487.472476165 1954368.0 1954368.0 27235.816727546862 2723581.672754685 18369.48688143599 35342.66575682922 3533.4703801696605 3533.4703801696605 1.7151084828054677 171.5108482805468 0.09583020487217171 9.583020487217173 452.9986844445603 17.0 31.0 74.0
46020.00836658444 0.7299999999999999 73.0 445.21840496810756 26.131686687648365 0.27000000000000013 27.0 0.049999999999999975 5.0 93427.35091401465 9342735.091401467 25043.334724761644 2504333.472476165 1958774.0 1958774.0 27271.881930177336 2727188.193017733 18451.87021501614 35431.41122627863 3497.8373329339456 3497.8373329339456 1.695388738031493 169.53887380314924 0.09647508543627656 9.647508543627655 453.9803022223377 16.0 31.0 73.0
46080.00836658444 0.7200000000000001 72.0 448.508037168632 25.841038868489473 0.27999999999999986 28.0 0.049999999999999975 5.0 93545.23091401465 9354523.091401467 25061.964724761645 2506196.472476165 1963123.0 1963123.0 27307.045905885352 2730704.5905885347 18533.997331012142 35518.85634198171 3453.283643036178 3453.283643036178 1.7111767160265476 171.11767160265472 0.0977630539441811 9.776305394418113 454.93603555567046 16.0 31.0 72.0
46140.00836658444 0.71 71.0 452.25580870986374 25.573536041134634 0.2899999999999999 29.0 0.049999999999999975 5.0 93665.10091401465 9366510.091401467 25079.464724761645 2507946.472476165 1967386.0 1967386.0 27342.460575253433 2734246.0575253423 18617.301457312944 35603.95037298205 3395.7374990626954 3395.7374990626954 1.7035703772011455 170.35703772011453 0.08961955619158285 8.961955619158282 455.89176888900323 16.0 28.999999999999996 71.0
46200.00836658444 0.6999999999999998 70.0 456.1850627019362 25.323833781991354 0.3000000000000001 30.0 0.05999999999999997 6.0 93785.88091401465 9378588.091401467 25096.454724761643 2509645.472476165 1971610.0 1971610.0 27376.325857172793 2737632.5857172785 18700.665393894873 35689.1933952878 3348.066820943266 3348.066820943266 1.742864769742637 174.28647697426373 0.08909755384984998 8.909755384984997 456.847502222336 16.0 28.000000000000004 70.0
46260.00836658444 0.6799999999999999 68.0 460.4203664663339 25.11776576029491 0.31 31.0 0.05999999999999997 6.0 93908.29091401465 9390829.091401467 25112.494724761644 2511249.472476165 1975765.0 1975765.0 27411.08591574697 2741108.591574696 18782.08983633603 35779.18359753185 3246.9696093389616 3246.9696093389616 1.7382760802269348 173.82760802269345 0.08660771998421407 8.660771998421408 457.7843200001131 15.0 27.0 68.0
46320.00836658444 0.6799999999999999 68.0 465.13978030785324 24.92203478717891 0.32 32.0 0.05999999999999997 6.0 94031.93091401465 9403193.091401467 25128.054724761645 2512805.472476165 1979845.0 1979845.0 27445.622327369445 2744562.2327369447 18862.773196517763 35868.09740607153 3254.9110870345194 3254.9110870345194 1.7470374761909147 174.70374761909144 0.08467132156207739 8.46713215620774 458.68032000011215 15.0 25.0 68.0
46380.00836658444 0.64 64.0 470.7332835142764 24.723587432388797 0.36000000000000004 36.0 0.05999999999999997 6.0 94156.67091401464 9415667.091401467 25143.754724761646 2514375.472476165 1983801.0 1983801.0 27478.291265462478 2747829.126546247 18928.306557572047 35956.92320902752 3062.287454531967 3062.287454531967 1.7785240735522012 177.8524073552201 0.08435362282104693 8.435362282104693 459.56736000011114 14.0 26.0 64.0
46440.00836658444 0.6199999999999999 62.0 477.4714524847391 24.53954560733445 0.38000000000000006 38.0 0.05999999999999997 6.0 94283.93091401465 9428393.091401467 25158.764724761644 2515876.472476165 1987574.0 1987574.0 27510.125094322288 2751012.509432228 18928.306557572047 36042.10287884776 2959.949680274922 2959.949680274922 1.7655165257678165 176.55165257678166 0.0811565651230556 8.11565651230556 460.40362666677646 14.0 25.0 62.0
46500.00836658444 0.6199999999999999 62.0 484.5702237414569 24.35967089033752 0.38000000000000006 38.0 0.05999999999999997 6.0 94411.91091401465 9441191.091401467 25173.584724761644 2517358.472476165 1991294.0 1991294.0 27539.47702316393 2753947.702316393 18928.306557572047 36129.504047519484 2962.6972716063888 2962.6972716063888 1.7749145379432942 177.49145379432943 0.08379604741138676 8.379604741138674 461.2398933334418 14.0 25.0 62.0
46560.00836658444 0.6199999999999999 62.0 491.64147967793895 24.18648015868098 0.38000000000000006 38.0 0.05999999999999997 6.0 94540.19091401465 9454019.091401467 25188.104724761644 2518810.472476165 1995014.0 1995014.0 27568.863978949492 2756886.3978949487 18928.306557572047 36216.047061487116 2959.912299835836 2959.912299835836 1.7730164350087818 177.30164350087819 0.08003535109031296 8.003535109031295 462.0761600001071 14.0 24.0 62.0
46620.00836658444 0.6199999999999999 62.0 498.75498516531536 24.00369599615999 0.38000000000000006 38.0 0.05999999999999997 6.0 94667.99091401465 9466799.091401467 25203.104724761644 2520310.472476165 1998734.0 1998734.0 27595.91418919235 2759591.418919235 18928.306557572047 36304.017700660566 2962.6045236815125 2962.6045236815125 1.7657888931600996 176.57888931600996 0.08284889795199206 8.284889795199206 462.91242666677243 14.0 25.0 62.0
46680.00836658444 0.6199999999999999 62.0 505.91472719737004 23.81558577713864 0.38000000000000006 38.0 0.05999999999999997 6.0 94795.51091401465 9479551.091401467 25218.384724761643 2521838.472476165 2002454.0 2002454.0 27620.200354964734 2762020.0354964733 18928.306557572047 36392.76931344507 2970.9144957130616 2970.9144957130616 1.7546541006976055 175.46541006976054 0.08376245197074444 8.376245197074446 463.74869333343776 14.0 26.0 62.0
46740.00836658444 0.6199999999999999 62.0 513.0714157780316 23.627615313145306 0.38000000000000006 38.0 0.05999999999999997 6.0 94923.10091401465 9492310.091401467 25233.594724761642 2523359.472476165 2006174.0 2006174.0 27643.070133541587 2764307.0133541585 18928.306557572047 36480.787862280464 2966.26275275103 2966.26275275103 1.7629918959490596 176.29918959490595 0.08182031335789448 8.182031335789448 464.5849600001031 14.0 25.0 62.0
46800.00836658444 0.6199999999999999 62.0 520.2625705907303 23.43212833267946 0.38000000000000006 38.0 0.05999999999999997 6.0 95050.27091401465 9505027.091401467 25249.224724761643 2524922.472476165 2009894.0 2009894.0 27667.556060350187 2766755.6060350183 18928.306557572047 36567.29289312736 2973.2049038240216 2973.2049038240216 1.7250102537707748 172.5010253770775 0.09191872024493282 9.191872024493284 465.4212266667684 14.0 28.000000000000004 62.0
46860.00836658444 0.6 60.0 527.6758334681907 23.19894455663864 0.4 40.0 0.05999999999999997 6.0 95175.83091401464 9517583.091401467 25266.554724761645 2526655.472476165 2013605.0 2013605.0 27693.40113376821 2769340.113376821 18928.306557572047 36649.627800306574 2864.7422291872626 2864.7422291872626 1.7041251404875288 170.41251404875283 0.09147455416232733 9.147455416232734 466.25749333343373 14.0 28.999999999999996 60.0
46920.00836658444 0.6 60.0 535.8684917019252 22.976948414513615 0.4 40.0 0.05999999999999997 6.0 95302.97091401464 9530297.091401467 25283.414724761646 2528341.472476165 2017205.0 2017205.0 27723.205159822795 2772320.515982279 18928.306557572047 36733.411145603226 2876.8354697854998 2876.8354697854998 1.7260277507254633 172.60277507254636 0.089575102303179 8.9575102303179 467.09376000009905 14.0 28.000000000000004 60.0
46980.00836658444 0.5900000000000001 59.0 544.1868453901366 22.74903275240575 0.4099999999999999 41.0 0.05999999999999997 6.0 95430.10091401465 9543010.091401467 25300.474724761643 2530047.472476165 2020786.0 2020786.0 27749.524710106267 2774952.4710106268 18928.306557572047 36818.584451043156 2819.7620041765554 2819.7620041765554 1.7213135353928755 172.13135353928757 0.09339822813020739 9.33982281302074 467.9111111112098 13.0 28.999999999999996 59.0
47040.00836658444 0.5900000000000001 59.0 552.7231483021266 22.53548627060501 0.4099999999999999 41.0 0.05999999999999997 6.0 95558.29091401465 9555829.091401467 25316.884724761643 2531688.472476165 2024326.0 2024326.0 27775.158401087632 2777515.840108763 18975.235869756645 36900.658324713106 2818.0506929210055 2818.0506929210055 1.7364841793034274 173.6484179303428 0.08984214078409876 8.984214078409876 468.6876444445448 13.0 27.0 59.0
47100.00836658444 0.5900000000000001 59.0 561.1766918181119 22.33783793059274 0.4099999999999999 41.0 0.05999999999999997 6.0 95687.21091401465 9568721.091401467 25332.564724761643 2533256.472476165 2027866.0 2027866.0 27802.164035126756 2780216.4035126753 19061.050591579566 36983.27262503194 2820.6657937492078 2820.6657937492078 1.767389505426196 176.73895054261956 0.08153014241152964 8.153014241152963 469.4641777778798 13.0 25.0 59.0
47160.00836658444 0.58 58.0 569.671567959079 22.15735476346296 0.42000000000000004 42.0 0.06999999999999997 7.0 95816.97091401464 9581697.091401467 25347.564724761643 2534756.472476165 2031390.0 2031390.0 27830.1724347123 2783017.2434712304 19142.93987385215 37049.3537112623 2779.2542540869918 2779.2542540869918 1.7649288156116014 176.49288156116023 0.08218969562353665 8.218969562353665 470.2407111112148 13.0 25.0 57.99999999999999
47220.00836658444 0.57 57.0 578.9500187297837 22.00038371440153 0.4300000000000001 43.0 0.06999999999999997 7.0 95947.41091401465 9594741.091401467 25362.874724761645 2536287.472476165 2034815.0 2034815.0 27858.94869876876 2785894.8698768765 19224.371462681127 37055.831701021816 2731.9776662148915 2731.9776662148915 1.7790495897981045 177.90495897981043 0.08331782623614842 8.33178262361484 471.0172444445498 13.0 25.0 56.99999999999999
47280.00836658444 0.5599999999999998 56.0 588.3323383710087 21.841275223157385 0.43999999999999995 44.0 0.06999999999999997 7.0 96078.00091401464 9607800.091401467 25378.184724761642 2537818.472476165 2038225.0 2038225.0 27886.999774349155 2788699.977434916 19307.912189067665 37137.177991131925 2673.4888572676664 2673.4888572676664 1.7925692834932865 179.25692834932866 0.08115595161405474 8.115595161405471 471.7937777778848 13.0 25.0 56.00000000000001
47340.00836658444 0.54 54.0 598.6514300112003 21.704909391695313 0.4600000000000001 46.0 0.08 8.0 96210.23091401465 9621023.091401467 25393.074724761645 2539307.472476165 2041514.0 2041514.0 27913.40506230609 2791340.50623061 19390.023647273654 37201.1770637696 2578.102088356605 2578.102088356605 1.7550694353432579 175.50694353432579 0.08439462991092411 8.439462991092409 472.5185422223306 12.0 25.0 54.0
47400.00836658444 0.5299999999999998 53.0 609.4772468762255 21.58622837167746 0.47000000000000014 47.0 0.08 8.0 96343.21091401465 9634321.091401467 25407.894724761645 2540789.472476165 2044734.0 2044734.0 27940.771892677574 2794077.1892677583 19471.538149922937 37201.1770637696 2532.4466440677684 2532.4466440677684 1.7437163003182055 174.37163003182056 0.08272001710263803 8.272001710263803 473.2353422223319 12.0 25.0 53.0
47460.00836658444 0.52 52.0 620.5781046080438 21.47432344229745 0.48 48.0 0.09 9.0 96476.98091401465 9647698.091401469 25422.364724761643 2542236.472476165 2047910.0 2047910.0 27967.853990381747 2796785.399038175 19554.24195230865 37201.1770637696 2484.547837720457 2484.547837720457 1.7831202836586435 178.31202836586434 0.07652663647082361 7.652663647082362 473.9521422223332 12.0 23.0 52.0
47520.00836658444 0.5100000000000001 51.0 632.170455243193 21.40956091709834 0.4899999999999998 49.0 0.09 9.0 96612.89091401464 9661289.091401469 25435.644724761645 2543564.472476165 2050991.0 2050991.0 27994.582540265244 2799458.254026525 19637.974158957586 37201.1770637696 2440.3152037131763 2440.3152037131763 1.8045758004968022 180.45758004968025 0.07028637449726712 7.02863744972671 474.66894222233446 12.0 19.0 51.0
47580.00836658444 0.5100000000000001 51.0 643.67062363787 21.388257561787153 0.4899999999999998 49.0 0.09 9.0 96751.06091401464 9675106.091401469 25446.874724761645 2544687.472476165 2054051.0 2054051.0 28019.470915641956 2801947.0915641957 19722.442316277557 37201.1770637696 2442.94835332505 2442.94835332505 1.8524626927947565 185.2462692794756 0.06723079850127658 6.723079850127657 475.38574222233575 12.0 19.0 51.0
47640.00836658444 0.5 50.0 655.2293834561685 21.38295619200137 0.5 50.0 0.09999999999999999 10.0 96888.79091401465 9688879.091401469 25458.584724761644 2545858.472476165 2057107.0 2057107.0 28045.360255742497 2804536.0255742497 19807.62593508797 37201.1770637696 2403.9104189647564 2403.9104189647564 1.8184386568342548 181.84386568342555 0.06823219965677668 6.823219965677667 476.0985600001148 11.0 20.0 50.0
47700.00836658444 0.4899999999999998 49.0 667.5756693814326 21.375330344882073 0.5100000000000001 51.0 0.10999999999999999 11.0 97026.73091401465 9702673.091401469 25471.024724761643 2547102.472476165 2060069.0 2060069.0 28071.120635001615 2807112.0635001613 19892.094698859306 37201.1770637696 2346.7627491356993 2346.7627491356993 1.801305886952816 180.13058869528163 0.07304517185236721 7.304517185236722 476.75562666678235 11.0 21.0 49.0
47760.00836658444 0.4700000000000001 47.0 680.6378738903226 21.390277643219687 0.5299999999999999 53.0 0.10999999999999999 11.0 97166.05091401465 9716605.091401469 25483.194724761644 2548319.472476165 2062921.0 2062921.0 28095.058876971725 2809505.8876971724 19972.844392434057 37201.1770637696 2258.28391406855 2258.28391406855 1.8216659460211593 182.1665946021159 0.06922836547758224 6.922836547758224 477.4126933334499 11.0 20.0 47.0
47820.00836658444 0.4700000000000001 47.0 693.9092827155165 21.404979523340224 0.5299999999999999 53.0 0.10999999999999999 11.0 97305.65091401465 9730565.091401469 25495.394724761645 2549539.472476165 2065741.0 2065741.0 28116.76455787963 2811676.4557879632 20054.10063723289 37201.1770637696 2256.8193673607543 2256.8193673607543 1.8019556323613137 180.1955632361314 0.0733710898704091 7.337108987040913 478.06976000011747 11.0 21.0 47.0
47880.00836658444 0.44999999999999996 45.0 707.4655673016464 21.413502339771348 0.55 55.0 0.10999999999999999 11.0 97445.37091401465 9744537.091401469 25507.854724761644 2550785.472476165 2068523.0 2068523.0 28138.821213999665 2813882.121399967 20068.500374643816 37201.1770637696 2156.172493001997 2156.172493001997 1.8242225786882944 182.4222578688294 0.07180566412805997 7.180566412805996 478.71089777789604 10.0 21.0 45.0
47940.00836658444 0.42000000000000004 42.0 722.523436137038 21.43370322521679 0.58 58.0 0.12 12.0 97586.79091401465 9758679.091401469 25520.634724761643 2552063.472476165 2071104.0 2071104.0 28158.57542983634 2815857.542983636 20068.500374643816 37201.1770637696 2020.6562569317423 2020.6562569317423 1.7842215024057004 178.42215024057003 0.07446195904216163 7.446195904216166 479.3082311112299 10.0 21.0 42.0
48000.00836658444 0.42000000000000004 42.0 738.1131214552037 21.46632773923126 0.58 58.0 0.13 13.0 97728.26091401465 9772826.091401469 25533.964724761645 2553396.472476165 2073624.0 2073624.0 28177.763440354953 2817776.344035496 20068.500374643816 37201.1770637696 2009.1057466503712 2009.1057466503712 1.7800458744905536 178.0045874490553 0.07741591152430646 7.741591152430644 479.9055644445637 10.0 23.0 42.0
48060.00836658444 0.41000000000000003 41.0 753.9117152170707 21.52526927864368 0.5900000000000001 59.0 0.13 13.0 97870.20091401465 9787020.091401469 25547.134724761643 2554713.472476165 2076113.0 2076113.0 28194.288414985287 2819428.84149853 20068.500374643816 37201.1770637696 1958.6375815820281 1958.6375815820281 1.7877181505304904 178.77181505304898 0.07540143891689118 7.5401438916891195 480.4720355556751 9.0 22.0 41.0
48120.00836658444 0.4 40.0 770.3180921011526 21.583748584573495 0.6 60.0 0.13 13.0 98012.91091401465 9801291.091401469 25560.334724761644 2556033.472476165 2078522.0 2078522.0 28212.028641476503 2821202.8641476515 20068.500374643816 37201.1770637696 1925.1540215986674 1925.1540215986674 1.7905439582251494 179.05439582251483 0.07512553668770619 7.512553668770617 481.00963555567523 9.0 22.0 40.0
48180.00836658444 0.4 40.0 786.7605416495677 21.650777890308838 0.6 60.0 0.13999999999999999 14.0 98155.91091401465 9815591.091401469 25573.334724761644 2557333.472476165 2080922.0 2080922.0 28230.063567457637 2823006.3567457646 20068.500374643816 37201.1770637696 1918.563565611194 1918.563565611194 1.7947736502743359 179.4773650274336 0.07525754980691055 7.525754980691051 481.54723555567534 9.0 22.0 40.0
48240.00836658444 0.38000000000000006 38.0 803.6862888236141 21.754251224885362 0.6199999999999999 62.0 0.13999999999999999 14.0 98299.47091401464 9829947.091401469 25586.414724761646 2558641.472476165 2083258.0 2083258.0 28245.544803609417 2824554.4803609424 20068.500374643816 37201.1770637696 1827.9191845500043 1827.9191845500043 1.8050845562117697 180.50845562117698 0.07522777533329786 7.522777533329787 482.08483555567545 9.0 22.0 38.0
48300.00836658444 0.36000000000000004 36.0 821.6504326455113 21.842528100877914 0.6399999999999999 64.0 0.13999999999999999 14.0 98443.53091401464 9844353.091401469 25600.254724761646 2560025.472476165 2085468.0 2085468.0 28260.425687879975 2826042.568787998 20068.500374643816 37275.040799432674 1729.9683442941732 1729.9683442941732 1.7889703885024215 178.8970388502421 0.07856935446152298 7.856935446152297 482.60750222234213 8.0 23.0 36.0
48360.00836658444 0.35 35.0 840.3437790189467 21.95928143839188 0.65 65.0 0.15000000000000002 15.0 98589.10091401465 9858910.091401469 25613.584724761644 2561358.472476165 2087578.0 2087578.0 28277.052216752814 2827705.221675282 20068.500374643816 37362.52763273883 1680.9768464861363 1680.9768464861363 1.802051640831505 180.20516408315046 0.07224222829341301 7.224222829341301 483.0853688890085 8.0 21.0 35.0
48420.00836658444 0.35 35.0 858.9553550463687 22.15178815536645 0.65 65.0 0.15999999999999998 16.0 98736.48091401465 9873648.091401469 25625.204724761643 2562520.472476165 2089678.0 2089678.0 28295.33452590111 2829533.4525901116 20068.500374643816 37450.48522915089 1672.9946701477943 1672.9946701477943 1.8300165538699877 183.00165538699878 0.06408894657450186 6.408894657450184 483.5632355556749 8.0 18.0 35.0
48480.00836658444 0.35 35.0 877.4820130162566 22.38234209609876 0.65 65.0 0.15999999999999998 16.0 98884.68091401465 9888468.091401469 25636.004724761646 2563600.472476165 2091778.0 2091778.0 28314.26891769746 2831426.8917697463 20068.500374643816 37536.655992223525 1686.622808254924 1686.622808254924 1.8368495572062722 183.68495572062722 0.06377418266309587 6.377418266309588 484.0411022223413 8.0 18.0 35.0
48540.00836658444 0.32999999999999996 33.0 896.2646746162236 22.602563967407818 0.67 67.0 0.15999999999999998 16.0 99032.58091401464 9903258.091401469 25647.384724761643 2564738.472476165 2093850.0 2093850.0 28332.111968035482 2833211.19680355 20068.500374643816 37622.52216289419 1584.897263775863 1584.897263775863 1.8353376970945925 183.53376970945916 0.06856538674417027 6.856538674417031 484.5189688890077 8.0 19.0 33.0
48600.00836658444 0.32999999999999996 33.0 915.7946715637746 22.81756338851632 0.67 67.0 0.15999999999999998 16.0 99181.22091401464 9918122.091401469 25658.944724761644 2565894.4724761643 2095830.0 2095830.0 28349.49433236468 2834949.4332364686 20068.500374643816 37709.60002940135 1589.5611189192186 1589.5611189192186 1.823442816947701 182.3442816947701 0.06616808294032797 6.616808294032796 484.99683555567407 8.0 19.0 33.0
48660.00836658444 0.32 32.0 935.562748479305 23.039474375159603 0.6799999999999999 68.0 0.15999999999999998 16.0 99330.57091401465 9933057.091401469 25670.194724761644 2567019.4724761643 2097770.0 2097770.0 28365.429673259398 2836542.9673259403 20068.500374643816 37798.16884186241 1531.1321315651585 1531.1321315651585 1.8565267377404262 185.6526737740425 0.0645384247110746 6.4538424711074605 485.4498133334514 7.0 18.0 32.0
48720.00836658444 0.32 32.0 955.4077704205037 23.276848973119648 0.6799999999999999 68.0 0.15999999999999998 16.0 99480.89091401464 9948089.091401469 25680.674724761644 2568067.4724761643 2099690.0 2099690.0 28381.202335688933 2838120.233568894 20068.500374643816 37885.21615076468 1528.885806261926 1528.885806261926 1.8434979801392641 184.3497980139264 0.06006413893136149 6.006413893136149 485.8848711112286 7.0 16.0 32.0
48780.00836658444 0.32 32.0 975.1704547987885 23.532205966406504 0.6799999999999999 68.0 0.15999999999999998 16.0 99632.04091401465 9963204.091401469 25690.324724761645 2569032.4724761643 2101610.0 2101610.0 28395.816217317682 2839581.621731769 20068.500374643816 37973.007443063034 1528.5172356831022 1528.5172356831022 1.8551820108924666 185.51820108924662 0.05915171705461044 5.915171705461043 486.314951111228 7.0 16.0 32.0
48840.00836658444 0.30999999999999994 31.0 995.1064432527303 23.771329745026517 0.69 69.0 0.15999999999999998 16.0 99782.53091401464 9978253.091401469 25700.774724761643 2570077.4724761643 2103516.0 2103516.0 28409.30863772571 2840930.8637725706 20068.500374643816 38061.70908727446 1483.4029743576234 1483.4029743576234 1.8323495094247648 183.23495094247647 0.06465897725154354 6.4658977251543535 486.7430400001163 7.0 18.0 31.0
48900.00836658444 0.29 29.0 1016.1639370015031 24.035720026086018 0.71 71.0 0.18000000000000002 18.0 99933.40091401465 9993340.091401469 25712.344724761642 2571234.4724761643 2105272.0 2105272.0 28420.75559890594 2842075.5598905953 20068.500374643816 38148.39046947408 1394.7656839019699 1394.7656839019699 1.8370948585214568 183.70948585214563 0.06780414790399421 6.780414790399424 487.16117333344897 7.0 19.0 28.999999999999996
48960.00836658444 0.29 29.0 1037.309897746062 24.32313087751088 0.71 71.0 0.18000000000000002 18.0 100084.60091401465 1.0008460091401469E7 25723.744724761644 2572374.4724761643 2107012.0 2107012.0 28431.26783436761 2843126.7834367617 20068.500374643816 38230.86327672973 1392.477889457009 1392.477889457009 1.8465955217943952 184.65955217943952 0.06642238867394194 6.6422388673941954 487.57930666678163 7.0 19.0 28.999999999999996
49020.00836658444 0.26 26.0 1059.1692373192884 24.627934673415037 0.74 74.0 0.19000000000000003 19.0 100237.88091401465 1.0023788091401469E7 25734.364724761643 2573436.4724761643 2108622.0 2108622.0 28441.21726705291 2844121.726705292 20068.500374643816 38311.83223027488 1253.1945862127188 1253.1945862127188 1.8780846912383093 187.80846912383092 0.05971522982000153 5.971522982000154 487.9576177778918 6.0 16.0 26.0
49080.00836658444 0.25 25.0 1081.3126917456416 24.98645210900059 0.75 75.0 0.19000000000000003 19.0 100392.77091401465 1.0039277091401469E7 25743.964724761645 2574396.4724761643 2110173.0 2110173.0 28452.549906927285 2845254.990692729 20068.500374643816 38395.25202254941 1194.5352860321334 1194.5352860321334 1.8742496093710124 187.42496093710116 0.06045453314059423 6.045453314059423 488.31601777789075 6.0 16.0 25.0
49140.00836658444 0.24 24.0 1104.1662295095803 25.350260342785525 0.76 76.0 0.2 20.0 100548.63091401465 1.0054863091401469E7 25753.564724761643 2575356.4724761643 2111628.0 2111628.0 28463.35834271544 2846335.834271545 20068.500374643816 38477.61510992776 1154.9572245841723 1154.9572245841723 1.8807394909151922 188.07394909151918 0.06095068233116779 6.0950682331167805 488.6744177778897 6.0 16.0 24.0
49200.00836658444 0.23 23.0 1127.3923755938151 25.742554206859428 0.77 77.0 0.2 20.0 100705.05091401465 1.0070505091401469E7 25763.164724761646 2576316.4724761643 2113026.0 2113026.0 28474.831776111 2847483.1776111014 20068.500374643816 38559.12961166116 1108.9233145597934 1108.9233145597934 1.879798304231991 187.97983042319908 0.059326908732653075 5.932690873265311 489.02983111122194 6.0 16.0 23.0
49260.00836658444 0.2 20.0 1151.138125662969 26.141950671852474 0.8 80.0 0.2 20.0 100862.73091401465 1.0086273091401469E7 25772.414724761646 2577241.4724761643 2114334.0 2114334.0 28485.622604195898 2848562.2604195904 20068.500374643816 38641.54648914907 963.992565173874 963.992565173874 1.8865782073179105 188.657820731791 0.056816541634840054 5.681654163484009 489.3304888889983 5.0 15.0 20.0
49320.00836658444 0.2 20.0 1175.6010880569233 26.558618203870438 0.8 80.0 0.2 20.0 101022.29091401465 1.0102229091401469E7 25780.854724761644 2578085.4724761643 2115534.0 2115534.0 28495.40211822304 2849540.2118223044 20068.500374643816 38725.207381646986 964.8805226560345 964.8805226560345 1.9142033081121956 191.42033081121954 0.05269739264153641 5.26973926415364 489.6291555556635 5.0 14.000000000000002 20.0
49380.00836658444 0.2 20.0 1200.118026815671 27.00890451149846 0.8 80.0 0.23999999999999996 24.0 101181.32091401465 1.0118132091401469E7 25789.824724761645 2578982.4724761643 2116734.0 2116734.0 28505.539153384067 2850553.915338408 20068.500374643816 38809.5383913542 960.9643614498324 960.9643614498324 1.9037233837783711 190.3723383778371 0.05770901635621339 5.770901635621338 489.9278222223287 5.0 15.0 20.0
49440.00836658444 0.2 20.0 1224.6389330801694 27.57519183670541 0.8 80.0 0.26000000000000006 26.0 101340.32091401465 1.0134032091401469E7 25798.824724761645 2579882.4724761643 2117934.0 2117934.0 28515.61286072768 2851561.2860727683 20068.500374643816 38894.92101248443 962.2400204424981 962.2400204424981 1.895919485588993 189.5919485588993 0.05886472014489587 5.886472014489587 490.2264888889939 5.0 15.0 20.0
49500.00836658444 0.2 20.0 1249.1389237119442 28.228056039731722 0.8 80.0 0.29 29.0 101499.53091401464 1.0149953091401469E7 25807.614724761643 2580761.4724761643 2119134.0 2119134.0 28525.13536618425 2852513.5366184255 20068.500374643816 38979.53498770358 966.3884324659525 966.3884324659525 1.9185336232786907 191.853362327869 0.05660278497070898 5.660278497070898 490.5251555556591 5.0 14.000000000000002 20.0
49560.00836658444 0.18000000000000002 18.0 1273.7696010197517 28.988241275121613 0.8200000000000001 82.0 0.30000000000000004 30.0 101660.32091401465 1.0166032091401469E7 25815.184724761642 2581518.4724761643 2120298.0 2120298.0 28535.0681634142 2853506.8163414206 20068.500374643816 39060.818737088666 870.3009136090477 870.3009136090477 1.9260436353796035 192.60436353796035 0.0472852448716448 4.728524487164481 490.80689777788075 4.0 11.0 18.0
49620.00836658444 0.16 16.0 1299.6289772493092 29.79100920182803 0.8400000000000001 84.0 0.32 32.0 101823.28091401464 1.0182328091401469E7 25822.364724761643 2582236.4724761643 2121284.0 2121284.0 28543.01893021296 2854301.8930212962 20068.500374643816 39141.617910801695 777.0628281192526 777.0628281192526 1.8980685921852347 189.80685921852347 0.053808894792695655 5.380889479269566 491.04583111121565 4.0 13.0 16.0
49680.00836658444 0.13999999999999999 14.0 1326.3764724988266 30.60194498621236 0.86 86.0 0.30999999999999994 31.0 101986.42091401464 1.0198642091401469E7 25830.594724761642 2583059.4724761643 2122147.0 2122147.0 28549.87409945155 2854987.409945156 20068.500374643816 39224.88621621142 671.2231683973808 671.2231683973808 1.869883756253357 186.98837562533572 0.06032560559969183 6.032560559969188 491.28476444455055 4.0 16.0 14.000000000000002
49740.00836658444 0.13000000000000006 13.0 1353.7905430955973 31.361277779817446 0.8699999999999999 87.0 0.30999999999999994 31.0 102149.00091401464 1.0214900091401469E7 25840.194724761644 2584019.4724761643 2122930.0 2122930.0 28556.6313502956 2855663.135029561 20068.500374643816 39306.384299214486 620.6680452426008 620.6680452426008 1.873758391251542 187.3758391251542 0.06244967829231969 6.244967829231969 491.4669511112184 3.0 16.0 13.0
49800.00836658444 0.13000000000000003 13.0 1381.1000948995957 32.122076415484976 0.87 87.0 0.30999999999999994 31.0 102312.00091401464 1.0231200091401469E7 25849.794724761643 2584979.4724761643 2123670.0 2123670.0 28563.342114545212 2856334.211454522 20068.500374643816 39388.20983515456 588.8737032567286 588.8737032567286 1.8833066331741317 188.33066331741313 0.060506263351312796 6.05062633513128 491.6461511112196 3.0 16.0 12.0
49860.00836658444 0.13000000000000003 13.0 1408.3007752000708 32.91292485811702 0.87 87.0 0.32 32.0 102475.15091401465 1.0247515091401469E7 25859.444724761644 2585944.4724761643 2124390.0 2124390.0 28570.20198117556 2857020.1981175565 20068.500374643816 39470.47383271308 583.3997226317637 583.3997226317637 1.8671544798548003 186.71544798548 0.0634764942987343 6.3476494298734325 491.82535111122075 3.0 17.0 12.0
49920.00836658444 0.13000000000000003 13.0 1435.5512286977428 33.692616610015826 0.87 87.0 0.32 32.0 102637.75091401464 1.0263775091401469E7 25869.644724761645 2586964.4724761643 2125110.0 2125110.0 28576.87381253183 2857687.3812531834 20068.500374643816 39552.18183203454 590.1248648301964 590.1248648301964 1.8781961843466344 187.81961843466343 0.06440068670929117 6.440068670929117 492.00455111122193 3.0 17.0 12.0
49980.00836658444 0.11999999999999998 12.0 1462.8187110444499 34.47214228913822 0.88 88.0 0.32 32.0 102800.37091401465 1.0280037091401469E7 25879.844724761642 2587984.4724761643 2125828.0 2125828.0 28583.614236048492 2858361.4236048497 20068.500374643816 39634.32624647955 540.182951380559 540.182951380559 1.8755725672017145 187.55725672017144 0.06351562156245656 6.351562156245659 492.1837511112231 3.0 17.0 11.0
50040.00836658444 0.09000000000000001 9.0 1490.6155915129234 35.27295810840865 0.9 90.0 0.32999999999999996 33.0 102963.55091401465 1.0296355091401469E7 25890.274724761643 2589027.4724761643 2126467.0 2126467.0 28589.264276023772 2858926.4276023777 20068.500374643816 39716.19551006285 432.00961161409214 432.00961161409214 1.8711029292549544 187.11029292549543 0.06660949449599543 6.660949449599543 492.3599644445576 2.0 18.0 9.0
50100.00836658444 0.09000000000000001 9.0 1519.0617404781408 36.09231855654093 0.9 90.0 0.32999999999999996 33.0 103128.42091401464 1.0312842091401469E7 25900.004724761646 2590000.4724761643 2127007.0 2127007.0 28593.6954108463 2859369.5410846304 20068.500374643816 39797.48009356152 435.4462190877702 435.4462190877702 1.8822371879702362 188.22371879702362 0.06008332368047124 6.008332368047126 492.50033777789184 2.0 16.0 9.0
50160.00836658444 0.09000000000000001 9.0 1547.494959371831 36.913731005082106 0.9 90.0 0.32999999999999996 33.0 103293.39091401464 1.0329339091401469E7 25909.634724761643 2590963.4724761643 2127547.0 2127547.0 28598.364897562362 2859836.489756237 20068.500374643816 39879.50836457367 435.6869101566259 435.6869101566259 1.8636089597213517 186.36089597213515 0.0653630241933878 6.53630241933878 492.64469333344834 2.0 17.0 9.0
50220.00836658444 0.08 8.0 1576.0372116344738 37.76032658245596 0.91 91.0 0.36000000000000004 36.0 103457.88091401465 1.034578809140147E7 25919.834724761644 2591983.4724761643 2128078.0 2128078.0 28602.478908769546 2860247.8908769544 20068.500374643816 39962.26849015145 397.11727563334 397.11727563334 1.8662952129510133 186.62952129510128 0.06569020474350984 6.569020474350984 492.7790933334492 2.0 17.0 8.0
50280.00836658444 0.08 8.0 1604.8902264701633 38.719457215473916 0.91 91.0 0.38 38.0 103622.75091401464 1.036227509140147E7 25930.164724761646 2593016.4724761643 2128558.0 2128558.0 28605.860471720764 2860586.0471720765 20068.500374643816 40044.53385100837 395.72903205723264 395.72903205723264 1.8554222525853827 185.54222525853825 0.06649434023394553 6.649434023394553 492.8985600001167 2.0 18.0 8.0
50340.00836658444 0.06999999999999997 7.0 1633.8263793317544 39.76982553125787 0.92 92.0 0.4 40.0 103787.20091401465 1.037872009140147E7 25940.944724761644 2594094.4724761643 2129036.0 2129036.0 28609.162242977764 2860916.224297777 20068.500374643816 40127.35992756246 335.90152656414483 335.90152656414483 1.856535616554213 185.65356165542127 0.06401052726169827 6.401052726169827 493.0180266667841 2.0 17.0 7.000000000000001
50400.00836658444 0.07999999999999997 8.0 1662.8479929613802 40.83653152977637 0.9099999999999999 91.0 0.4 40.0 103952.80091401465 1.039528009140147E7 25951.144724761645 2595114.4724761643 2129456.0 2129456.0 28612.15794404123 2861215.794404124 20068.500374643816 40127.35992756246 349.7778261474056 349.7778261474056 1.891447237049605 189.14472370496048 0.06298643912956016 6.298643912956018 493.1374933334516 2.0 17.0 7.000000000000001
50460.00836658444 0.07999999999999997 8.0 1691.5016656305038 41.924203659877946 0.9099999999999999 91.0 0.4 40.0 104119.43091401465 1.041194309140147E7 25960.314724761643 2596031.4724761643 2129876.0 2129876.0 28615.45771896609 2861545.7718966096 20068.500374643816 40127.35992756246 343.494130241037 343.494130241037 1.9149123974183477 191.49123974183476 0.058997270541362334 5.899727054136235 493.256960000119 2.0 15.0 7.000000000000001
50520.00836658444 0.07999999999999997 8.0 1720.1109837311162 43.05976073900943 0.9 90.0 0.41000000000000003 41.0 104286.23091401465 1.042862309140147E7 25969.314724761643 2596931.4724761643 2130296.0 2130296.0 28618.77615657743 2861877.6156577435 20068.500374643816 40127.35992756246 346.3760518316068 346.3760518316068 1.9356596198018075 193.56596198018073 0.05853391464170684 5.853391464170685 493.3764266667865 2.0 15.0 7.000000000000001
50580.00836658444 0.07999999999999997 8.0 1748.173120608382 44.19576343831619 0.9 90.0 0.41000000000000003 41.0 104453.03091401464 1.044530309140147E7 25978.314724761643 2597831.4724761643 2130716.0 2130716.0 28622.9798347563 2862297.9834756306 20068.500374643816 40127.35992756246 347.49602270018465 347.49602270018465 1.9376773049174396 193.76773049174395 0.059555780088454656 5.9555780088454675 493.4958933334539 2.0 15.0 7.000000000000001
50640.00836658444 0.07999999999999997 8.0 1776.2278805867331 45.315672172856466 0.9 90.0 0.41000000000000003 41.0 104619.83091401464 1.046198309140147E7 25987.314724761643 2598731.4724761643 2131136.0 2131136.0 28626.93225325077 2862693.2253250773 20068.500374643816 40127.35992756246 348.5885732011691 348.5885732011691 1.9397261639598424 193.9726163959842 0.0593856059918313 5.938560599183132 493.61536000012137 2.0 15.0 7.000000000000001
50700.00836658444 0.07999999999999997 8.0 1804.2836423404183 46.45157464795775 0.9 90.0 0.41000000000000003 41.0 104786.63091401465 1.047866309140147E7 25996.314724761643 2599631.4724761643 2131556.0 2131556.0 28630.29461437837 2863029.4614378368 20068.500374643816 40127.35992756246 348.840520510186 348.840520510186 1.9334884623874684 193.34884623874686 0.05980527120030599 5.980527120030599 493.7348266667888 2.0 15.0 7.000000000000001
50760.00836658444 0.07999999999999997 8.0 1832.3329040901635 47.614861866629184 0.9 90.0 0.43000000000000005 43.0 104953.47091401464 1.049534709140147E7 26005.274724761643 2600527.4724761643 2131976.0 2131976.0 28633.275135296713 2863327.513529672 20068.500374643816 40127.35992756246 334.39768945604266 334.39768945604266 1.9504606450437068 195.04606450437063 0.056964846979295734 5.696484697929574 493.85429333345627 2.0 14.000000000000002 7.000000000000001
50820.00836658444 0.07999999999999997 8.0 1860.3466310556203 48.8533562930347 0.9 90.0 0.44000000000000006 44.0 105120.68091401465 1.051206809140147E7 26013.864724761643 2601386.4724761643 2132396.0 2132396.0 28635.8359974299 2863583.5997429905 20068.500374643816 40127.35992756246 350.46287644772724 350.46287644772724 1.9440950993297474 194.40950993297471 0.05884287220156485 5.884287220156487 493.9737600001237 2.0 15.0 7.000000000000001
50880.00836658444 0.07999999999999997 8.0 1888.4053902847488 50.092848306669254 0.9 90.0 0.44000000000000006 44.0 105287.48091401465 1.052874809140147E7 26022.864724761643 2602286.4724761643 2132816.0 2132816.0 28638.994173916748 2863899.417391675 20068.500374643816 40127.35992756246 350.89014047722986 350.89014047722986 1.9415190661287873 194.15190661287872 0.05855048870160475 5.855048870160479 494.09322666679117 2.0 15.0 7.000000000000001
50940.00836658444 0.07999999999999997 8.0 1916.4593638811828 51.36019911328231 0.9 90.0 0.45 45.0 105454.28091401464 1.054542809140147E7 26031.864724761643 2603186.4724761643 2133236.0 2133236.0 28642.430062300147 2864243.006230015 20068.500374643816 40127.35992756246 347.88390544208767 347.88390544208767 1.945682886514733 194.5682886514733 0.059147887262411686 5.914788726241169 494.2126933334586 2.0 15.0 7.000000000000001
51000.00836658444 0.09 9.0 1944.3612177844193 52.625179769806685 0.89 89.0 0.45 45.0 105620.80091401465 1.056208009140147E7 26041.144724761645 2604114.4724761643 2133656.0 2133656.0 28646.043482771354 2864604.3482771358 20068.500374643816 40127.35992756246 351.64950851275 351.64950851275 1.957644421316047 195.7644421316047 0.06195027766176768 6.195027766176768 494.33216000012607 2.0 16.0 7.000000000000001
51060.00836658444 0.08 8.0 1972.0178949492363 53.931562866310834 0.9 90.0 0.47000000000000003 47.0 105788.02091401465 1.057880209140147E7 26050.024724761643 2605002.4724761643 2134046.0 2134046.0 28650.689289645106 2865068.9289645106 20068.500374643816 40127.35992756246 290.79563076093336 290.79563076093336 1.9764858638177536 197.64858638177535 0.05710906488405945 5.7109064884059455 494.4516266667935 2.0 14.000000000000002 6.0
51120.00836658444 0.08 8.0 1999.8633659660384 55.2759783678776 0.9 90.0 0.47000000000000003 47.0 105956.02091401465 1.059560209140147E7 26058.424724761644 2605842.4724761643 2134406.0 2134406.0 28656.010764351227 2865601.0764351226 20068.500374643816 40127.35992756246 294.7605688285172 294.7605688285172 1.9733982046213483 197.33982046213484 0.055847453337197636 5.584745333719764 494.57109333346096 2.0 14.000000000000002 6.0
51180.00836658444 0.08 8.0 2027.4158401108207 56.63177218061722 0.89 89.0 0.48 48.0 106124.02091401465 1.061240209140147E7 26066.824724761645 2606682.4724761643 2134766.0 2134766.0 28661.11575423837 2866111.5754238376 20068.500374643816 40127.35992756246 288.0182596718054 288.0182596718054 1.9974508374428965 199.74508374428962 0.0564012061151914 5.640120611519141 494.6905600001284 2.0 14.000000000000002 6.0
51240.00836658444 0.08 8.0 2054.6672990537245 58.023244327898034 0.89 89.0 0.5 50.0 106292.02091401465 1.062920209140147E7 26075.224724761643 2607522.4724761643 2135126.0 2135126.0 28666.186831331946 2866618.6831331947 20068.500374643816 40127.35992756246 288.41396803295186 288.41396803295186 1.9958489357656928 199.58489357656924 0.05752450590428668 5.752450590428668 494.81002666679586 2.0 14.000000000000002 6.0
51300.00836658444 0.08 8.0 2081.928164930948 59.45112473373455 0.89 89.0 0.5 50.0 106460.02091401465 1.064600209140147E7 26083.624724761645 2608362.4724761643 2135486.0 2135486.0 28671.272335599562 2867127.2335599563 20068.500374643816 40127.35992756246 299.7588209277943 299.7588209277943 1.9944797358216924 199.44797358216925 0.05734910125085753 5.734910125085754 494.9294933334633 2.0 14.000000000000002 6.0
51360.00836658444 0.08 8.0 2109.1803043142154 60.90324636041265 0.89 89.0 0.51 51.0 106628.02091401465 1.066280209140147E7 26092.024724761643 2609202.4724761643 2135846.0 2135846.0 28676.239774055695 2867623.97740557 20068.500374643816 40127.35992756246 302.6780024957508 302.6780024957508 2.012969603467306 201.2969603467306 0.058616461824360776 5.861646182436079 495.04896000013076 2.0 14.000000000000002 6.0
51420.00836658444 0.08 8.0 2136.434718236705 62.36478293936829 0.89 89.0 0.51 51.0 106796.02091401465 1.067960209140147E7 26100.424724761644 2610042.4724761643 2136206.0 2136206.0 28679.73747300754 2867973.7473007543 20068.500374643816 40127.35992756246 297.26315349857384 297.26315349857384 1.9948277222495383 199.48277222495378 0.057698186171751695 5.7698186171751695 495.1684266667982 2.0 14.000000000000002 6.0
51480.00836658444 0.08 8.0 2163.6920306219586 63.83595356940137 0.89 89.0 0.52 52.0 106964.02091401465 1.069640209140147E7 26108.824724761645 2610882.4724761643 2136566.0 2136566.0 28683.146286353494 2868314.6286353497 20068.500374643816 40127.35992756246 294.22772624828394 294.22772624828394 2.00557834599971 200.55783459997102 0.055937136727176436 5.5937136727176435 495.28789333346566 2.0 14.000000000000002 6.0
51540.00836658444 0.05999999999999997 6.0 2191.029696262036 65.33395665040575 0.9 90.0 0.53 53.0 107132.13091401465 1.071321309140147E7 26117.224724761643 2611722.4724761643 2136915.0 2136915.0 28686.382540085513 2868638.254008551 20068.500374643816 40127.35992756246 249.94938050590525 249.94938050590525 2.0094759541000866 200.94759541000866 0.05777405856438127 5.777405856438127 495.4073600001331 2.0 14.000000000000002 5.0
51600.00836658444 0.03999999999999997 4.0 2219.2991952317184 66.86468141270979 0.92 92.0 0.53 53.0 107301.96091401465 1.073019609140147E7 26125.244724761644 2612524.4724761643 2137130.0 2137130.0 28689.42032971426 2868942.0329714264 20068.500374643816 40127.35992756246 144.67711979902316 144.67711979902316 2.012870741866655 201.28707418666548 0.05688148178393965 5.688148178393965 495.46709333346683 1.0 14.000000000000002 3.0
51660.00836658444 0.03999999999999997 4.0 2247.8302872694503 68.34346904822567 0.92 92.0 0.51 51.0 107471.90091401465 1.074719009140147E7 26133.504724761646 2613350.4724761643 2137310.0 2137310.0 28692.012531508204 2869201.2531508207 20068.500374643816 40127.35992756246 149.38688802599427 149.38688802599427 2.010957471829248 201.09574718292475 0.05404348130641745 5.404348130641744 495.52682666680056 1.0 13.0 3.0
51720.00836658444 0.03999999999999997 4.0 2276.3493020785536 69.81309314354316 0.92 92.0 0.52 52.0 107641.88091401465 1.076418809140147E7 26141.724724761643 2614172.4724761643 2137490.0 2137490.0 28694.59739990003 2869459.7399900034 20068.500374643816 40127.35992756246 145.18738083141852 145.18738083141852 2.0083617252964476 200.83617252964473 0.05713566283571698 5.7135662835717005 495.5865600001343 1.0 14.000000000000002 3.0
51780.00836658444 0.04999999999999998 5.0 2304.621187504052 71.31299794457563 0.9099999999999999 91.0 0.53 53.0 107811.68091401465 1.078116809140147E7 26150.124724761645 2615012.4724761643 2137670.0 2137670.0 28697.5271394079 2869752.71394079 20068.500374643816 40127.35992756246 150.11396875702727 150.11396875702727 2.030443521383781 203.04435213837812 0.05882778061255414 5.882778061255417 495.646293333468 1.0 14.000000000000002 3.0
51840.00836658444 0.019999999999999993 2.0 2332.968575207044 72.84848910109359 0.9299999999999999 93.0 0.55 55.0 107982.08091401464 1.079820809140147E7 26158.524724761643 2615852.4724761643 2137791.0 2137791.0 28700.104939406687 2870010.4939406686 20068.500374643816 40127.35992756246 53.97620240485457 53.97620240485457 2.0342411647370433 203.42411647370434 0.05736222516774237 5.736222516774239 495.70602666680173 1.0 14.000000000000002 1.0
51900.00836658444 0.019999999999999993 2.0 2361.6800989900244 74.39501436494761 0.9299999999999999 93.0 0.54 54.0 108153.08091401464 1.081530809140147E7 26166.924724761644 2616692.4724761643 2137851.0 2137851.0 28701.644834554776 2870164.4834554777 20068.500374643816 40127.35992756246 56.62699604275759 56.62699604275759 2.038953059348685 203.89530593486847 0.056306430201021364 5.630643020102137 495.76576000013546 1.0 14.000000000000002 1.0
51960.00836658444 0.019999999999999993 2.0 2390.3921063567363 75.91484102343537 0.9299999999999999 93.0 0.54 54.0 108324.08091401464 1.083240809140147E7 26175.324724761645 2617532.4724761643 2137911.0 2137911.0 28703.284724338188 2870328.472433819 20068.500374643816 40127.35992756246 52.05684505183172 52.05684505183172 2.0293920767650735 202.93920767650732 0.05790143048635933 5.790143048635933 495.8254933334692 1.0 14.000000000000002 1.0
52020.00836658444 0.019999999999999993 2.0 2419.104145315383 77.43451398995282 0.9299999999999999 93.0 0.54 54.0 108495.08091401464 1.084950809140147E7 26183.724724761643 2618372.4724761643 2137971.0 2137971.0 28704.897209063005 2870489.720906301 20068.500374643816 40127.35992756246 49.08668980122144 49.08668980122144 2.035050213696769 203.5050213696769 0.058557671693381226 5.855767169338124 495.8852266668029 1.0 14.000000000000002 1.0
52080.00836658444 0.019999999999999993 2.0 2447.552113279216 78.9615284149682 0.92 92.0 0.55 55.0 108666.08091401464 1.086660809140147E7 26192.124724761645 2619212.4724761643 2138031.0 2138031.0 28706.54545964559 2870654.545964559 20068.500374643816 40127.35992756246 62.84846810547709 62.84846810547709 2.062146654064728 206.2146654064728 0.05784002795108273 5.7840027951082735 495.94496000013663 1.0 14.000000000000002 1.0
52140.00836658444 0.04999999999999998 5.0 2474.6280104505254 80.52347474551092 0.89 89.0 0.56 56.0 108837.08091401464 1.088370809140147E7 26200.524724761643 2620052.4724761643 2138091.0 2138091.0 28709.61712297742 2870961.712297742 20068.500374643816 40127.35992756246 53.3673635334627 53.3673635334627 2.1499688796618392 214.99688796618386 0.05832923773961926 5.832923773961928 496.00469333347036 1.0 14.000000000000002 1.0
52200.00836658444 0.04999999999999998 5.0 2501.0233267556628 82.10268002110612 0.89 89.0 0.56 56.0 109008.08091401464 1.090080809140147E7 26208.924724761644 2620892.4724761643 2138151.0 2138151.0 28713.77810686447 2871377.8106864467 20068.500374643816 40127.35992756246 58.25635495259551 58.25635495259551 2.15660123853084 215.660123853084 0.058319286588202186 5.83192865882022 496.0644266668041 1.0 14.000000000000002 1.0
52260.00836658444 0.04999999999999998 5.0 2527.382144754197 83.67322828516767 0.88 88.0 0.56 56.0 109178.62091401465 1.091786209140147E7 26217.784724761645 2621778.4724761643 2138211.0 2138211.0 28717.91353792209 2871791.353792209 20068.500374643816 40127.35992756246 50.875567245812796 50.875567245812796 2.173105575040475 217.31055750404744 0.05980752044802651 5.980752044802649 496.1241600001378 1.0 15.0 1.0
52320.00836658444 0.04999999999999998 5.0 2553.2868052492727 85.26054522330551 0.88 88.0 0.5700000000000001 57.0 109349.16091401465 1.093491609140147E7 26226.644724761645 2622664.4724761643 2138271.0 2138271.0 28722.061108155813 2872206.1108155805 20068.500374643816 40127.35992756246 51.593360421340236 51.593360421340236 2.178377618293227 217.8377618293227 0.056512816057402576 5.65128160574026 496.18389333347153 1.0 14.000000000000002 1.0
52380.00836658444 0.04999999999999998 5.0 2579.0852655750596 86.88985544990553 0.88 88.0 0.5700000000000001 57.0 109520.72091401464 1.095207209140147E7 26234.484724761645 2623448.4724761643 2138331.0 2138331.0 28726.208084339192 2872620.8084339183 20068.500374643816 40127.35992756246 59.08682036579854 59.08682036579854 2.18573951687733 218.57395168773297 0.05596470903841096 5.596470903841096 496.24362666680526 1.0 13.0 1.0
52440.00836658444 0.04999999999999998 5.0 2604.6858527778973 88.52005196186234 0.87 87.0 0.5700000000000001 57.0 109692.32091401465 1.096923209140147E7 26242.284724761645 2624228.4724761643 2138391.0 2138391.0 28729.776221312524 2872977.622131252 20068.500374643816 40127.35992756246 59.13648339036224 59.13648339036224 2.217717450198999 221.77174501989987 0.05565743473335739 5.565743473335738 496.303360000139 1.0 13.0 1.0
52500.00836658444 0.03999999999999999 4.0 2629.866242408901 90.16099043738194 0.8600000000000001 86.0 0.58 58.0 109863.92091401464 1.098639209140147E7 26250.084724761644 2625008.4724761643 2138451.0 2138451.0 28732.787946551784 2873278.794655178 20068.500374643816 40127.35992756246 61.41335674105585 61.41335674105585 2.2500124872571927 225.00124872571928 0.05705905220870567 5.705905220870568 496.3630933334727 1.0 13.0 1.0
52560.00836658444 0.03999999999999999 4.0 2654.4675733057693 91.82090705504737 0.8600000000000001 86.0 0.58 58.0 110035.52091401465 1.100355209140147E7 26257.884724761643 2625788.4724761643 2138511.0 2138511.0 28735.312524693658 2873531.2524693655 20068.500374643816 40127.35992756246 64.08656911988304 64.08656911988304 2.248098009082596 224.80980090825963 0.055801987045046755 5.580198704504675 496.42282666680643 1.0 13.0 1.0
52620.00836658444 0.03999999999999999 4.0 2679.0637953102146 93.4813484029137 0.8600000000000001 86.0 0.58 58.0 110207.12091401465 1.102071209140147E7 26265.684724761642 2626568.4724761643 2138571.0 2138571.0 28737.780979144252 2873778.097914425 20068.500374643816 40127.35992756246 64.037925917866 64.037925917866 2.2459201522320402 224.59201522320402 0.055568252322187324 5.556825232218732 496.48256000014015 1.0 13.0 1.0
52680.00836658444 0.03999999999999999 4.0 2703.678769823769 95.13919033763825 0.8600000000000001 86.0 0.58 58.0 110378.59091401465 1.103785909140147E7 26273.614724761643 2627361.4724761643 2138631.0 2138631.0 28740.253455444465 2874025.345544446 20068.500374643816 40127.35992756246 64.66719735336277 64.66719735336277 2.230326182333283 223.0326182333283 0.05785162992889781 5.785162992889782 496.5422933334739 1.0 14.000000000000002 1.0
52740.00836658444 0.03999999999999999 4.0 2728.34143973587 96.78647036377221 0.8600000000000001 86.0 0.58 58.0 110549.59091401465 1.105495909140147E7 26282.014724761644 2628201.4724761643 2138691.0 2138691.0 28742.760144811647 2874276.014481165 20068.500374643816 40127.35992756246 54.371560546567416 54.371560546567416 2.2471830733819047 224.71830733819047 0.0577000016524114 5.77000016524114 496.6020266668076 1.0 14.000000000000002 1.0
52800.00836658444 0.03999999999999999 4.0 2753.005065443792 98.45995668065511 0.8600000000000001 86.0 0.6100000000000001 61.0 110720.59091401465 1.107205909140147E7 26290.414724761646 2629041.4724761643 2138751.0 2138751.0 28745.250364053954 2874525.0364053957 20068.500374643816 40127.35992756246 55.58215964637926 55.58215964637926 2.2364992838001365 223.64992838001362 0.05863502762821208 5.863502762821209 496.6617600001413 1.0 14.000000000000002 1.0
52860.00836658444 0.04999999999999998 5.0 2777.4362724049815 100.22473104073576 0.85 85.0 0.62 62.0 110891.59091401465 1.108915909140147E7 26298.814724761643 2629881.4724761643 2138811.0 2138811.0 28748.01158920198 2874801.1589201977 20068.500374643816 40127.35992756246 53.1699260351882 53.1699260351882 2.2664653222606996 226.64653222606998 0.05873470544762074 5.873470544762073 496.72149333347505 1.0 14.000000000000002 1.0
52920.00836658444 0.04999999999999998 5.0 2801.5493159737784 102.00108269848297 0.85 85.0 0.63 63.0 111062.13091401465 1.110621309140147E7 26307.674724761644 2630767.4724761643 2138871.0 2138871.0 28751.37967436648 2875137.967436648 20068.500374643816 40127.35992756246 55.557061143765 55.557061143765 2.2506534451849483 225.06534451849487 0.06112617825528229 6.112617825528228 496.7812266668088 1.0 15.0 1.0
52980.00836658444 0.04999999999999998 5.0 2825.6661760644906 103.78875084798611 0.85 85.0 0.6399999999999999 64.0 111232.53091401464 1.112325309140147E7 26316.674724761644 2631667.4724761643 2138931.0 2138931.0 28754.729932811995 2875472.9932811996 20068.500374643816 40127.35992756246 63.48794817766367 63.48794817766367 2.2521132131107424 225.21132131107424 0.06110546688028675 6.110546688028676 496.8409600001425 1.0 15.0 1.0
53040.00836658444 0.04999999999999998 5.0 2849.7843058505177 105.6137047822908 0.85 85.0 0.65 65.0 111402.93091401465 1.114029309140147E7 26325.674724761644 2632567.4724761643 2138991.0 2138991.0 28757.554527578428 2875755.4527578433 20068.500374643816 40127.35992756246 64.10274573417652 64.10274573417652 2.2509253814723937 225.0925381472394 0.06079279053705698 6.0792790537057 496.9006933334762 1.0 15.0 1.0
53100.00836658444 0.04999999999999998 5.0 2873.9038429724205 107.46840502191019 0.85 85.0 0.6599999999999999 66.0 111573.33091401464 1.115733309140147E7 26334.674724761644 2633467.4724761643 2139051.0 2139051.0 28760.088152953926 2876008.815295392 20068.500374643816 40127.35992756246 64.65386067997004 64.65386067997004 2.2544029069494553 225.4402906949455 0.060561576229709105 6.05615762297091 496.96042666680995 1.0 15.0 1.0
53160.00836658444 0.05999999999999997 6.0 2897.9406826449044 109.35093130844642 0.8400000000000001 84.0 0.6599999999999999 66.0 111743.73091401465 1.117437309140147E7 26343.674724761644 2634367.4724761643 2139111.0 2139111.0 28762.68561371703 2876268.561371703 20068.500374643816 40127.35992756246 53.44905044697051 53.44905044697051 2.2819428783368667 228.19428783368662 0.06079166679502374 6.079166679502374 497.0201600001437 1.0 15.0 1.0
53220.00836658444 0.05999999999999997 6.0 2921.4597598142 111.23353136056087 0.8400000000000001 84.0 0.6599999999999999 66.0 111914.13091401465 1.119141309140147E7 26352.674724761644 2635267.4724761643 2139171.0 2139171.0 28766.104531536064 2876610.4531536065 20068.500374643816 40127.35992756246 58.24681975928774 58.24681975928774 2.277618184698132 227.76181846981314 0.060153163997748046 6.015316399774805 497.0798933334774 1.0 15.0 1.0
53280.00836658444 0.04999999999999998 5.0 2944.985578137337 113.1271188038878 0.8400000000000001 84.0 0.67 67.0 112084.53091401464 1.120845309140147E7 26361.674724761644 2636167.4724761643 2139231.0 2139231.0 28768.86384022345 2876886.3840223453 20068.500374643816 40127.35992756246 53.53363582564341 53.53363582564341 2.2900890297228833 229.0089029722883 0.06138804152718767 6.138804152718768 497.1396266668111 1.0 15.0 1.0
53340.00836658444 0.04999999999999998 5.0 2968.3346346817184 115.04614632792932 0.83 83.0 0.67 67.0 112254.93091401465 1.122549309140147E7 26370.674724761644 2637067.4724761643 2139291.0 2139291.0 28771.390873663786 2877139.0873663793 20068.500374643816 40127.35992756246 65.6147971832069 65.6147971832069 2.3052430591590602 230.524305915906 0.06052031865653621 6.05203186565362 497.19936000014485 1.0 15.0 1.0
53400.00836658444 0.04999999999999998 5.0 2991.0693054456674 117.00714214895196 0.8200000000000001 82.0 0.69 69.0 112425.33091401464 1.124253309140147E7 26379.674724761644 2637967.4724761643 2139351.0 2139351.0 28773.94449013201 2877394.449013201 20068.500374643816 40127.35992756246 62.24292517144701 62.24292517144701 2.339370967662426 233.93709676624258 0.06048591045261542 6.048591045261542 497.2590933334786 1.0 15.0 1.0
53460.00836658444 0.04999999999999998 5.0 3013.4147870985 118.99017743193151 0.8200000000000001 82.0 0.69 69.0 112595.73091401465 1.1259573091401473E7 26388.674724761644 2638867.4724761643 2139411.0 2139411.0 28776.478089549393 2877647.8089549392 20068.500374643816 40127.35992756246 53.04496848046092 53.04496848046092 2.344135999579596 234.41359995795963 0.06103253237781929 6.103253237781931 497.3188266668123 1.0 15.0 1.0
53520.00836658444 0.03999999999999998 4.0 3035.9289435156647 121.00287623572905 0.83 83.0 0.7 70.0 112766.33091401464 1.1276633091401473E7 26397.674724761644 2639767.4724761643 2139451.0 2139451.0 28778.755406780507 2877875.540678051 20068.500374643816 40127.35992756246 8.859031236277575 8.859031236277575 2.3154510006045195 231.5451000604519 0.060871468783329184 6.08714687833292 497.378560000146 1.0 15.0 0.0
53580.00836658444 0.03999999999999998 4.0 3058.7633505510653 123.04260967588081 0.83 83.0 0.71 71.0 112937.33091401464 1.1293733091401473E7 26406.674724761644 2640667.4724761643 2139451.0 2139451.0 28780.406744755735 2878040.674475574 20068.500374643816 40127.35992756246 16.565593228312213 16.565593228312213 2.3231228313870997 232.31228313870997 0.061811190088057306 6.181119008805734 497.43829333347975 1.0 15.0 0.0
53640.00836658444 0.04999999999999998 5.0 3080.810557911113 125.1467865311036 0.8099999999999999 81.0 0.74 74.0 113108.33091401464 1.131083309140147E7 26415.674724761644 2641567.4724761643 2139451.0 2139451.0 28783.37791971666 2878337.7919716663 20068.500374643816 40127.35992756246 8.914335513281294 8.914335513281294 2.398395685316578 239.83956853165787 0.061524915229552814 6.152491522955282 497.4980266668135 1.0 15.0 0.0
53700.00836658444 0.04999999999999998 5.0 3102.4913148513933 127.28165819882175 0.8099999999999999 81.0 0.75 75.0 113279.42091401464 1.132794209140147E7 26424.584724761644 2642458.4724761643 2139451.0 2139451.0 28787.47185989587 2878747.185989587 20068.500374643816 40127.35992756246 13.409913191656393 13.409913191656393 2.3804210412535585 238.04210412535588 0.05908985166402383 5.908985166402382 497.5577600001472 1.0 14.000000000000002 0.0
53760.00836658444 0.04999999999999998 5.0 3124.2597474834174 129.45388902047304 0.8099999999999999 81.0 0.75 75.0 113450.17091401464 1.134501709140147E7 26433.834724761644 2643383.4724761643 2139451.0 2139451.0 28791.575375712084 2879157.5375712086 20068.500374643816 40127.35992756246 6.7752508357699455 6.7752508357699455 2.343505184200123 234.35051842001232 0.06111243149855375 6.111243149855376 497.6174933334809 1.0 16.0 0.0
53820.00836658444 0.04999999999999998 5.0 3146.075780823582 131.59251839493197 0.8099999999999999 81.0 0.74 74.0 113620.57091401465 1.136205709140147E7 26443.434724761642 2644343.4724761643 2139451.0 2139451.0 28795.655487541062 2879565.5487541063 20068.500374643816 40127.35992756246 2.2392175036485438 2.2392175036485438 2.3550476971883887 235.50476971883887 0.06212168039529087 6.212168039529087 497.67722666681465 1.0 16.0 0.0
53880.00836658444 0.04999999999999998 5.0 3167.823846464779 133.73927209547932 0.8099999999999999 81.0 0.74 74.0 113791.55091401465 1.137915509140147E7 26452.454724761643 2645245.4724761643 2139451.0 2139451.0 28799.76234711262 2879976.234711262 20068.500374643816 40127.35992756246 14.563789270962271 14.563789270962271 2.3563346453711653 235.63346453711657 0.05911921554676997 5.911921554676998 497.7369600001484 1.0 15.0 0.0
53940.00836658444 0.04999999999999998 5.0 3189.5061953817176 135.88690929966634 0.8000000000000002 80.0 0.74 74.0 113962.15091401465 1.139621509140147E7 26461.854724761644 2646185.4724761643 2139451.0 2139451.0 28803.89396383933 2880389.3963839333 20068.500374643816 40127.35992756246 8.042893750153656 8.042893750153656 2.3801686196086993 238.01686196086993 0.05932648905113801 5.932648905113802 497.7966933334821 1.0 16.0 0.0
54000.00836658444 0.04999999999999998 5.0 3210.7610597634934 137.9888550954255 0.8000000000000002 80.0 0.73 73.0 114132.55091401465 1.141325509140147E7 26471.454724761643 2647145.4724761643 2139451.0 2139451.0 28808.042883976712 2880804.288397671 20068.500374643816 40127.35992756246 1.5251787224896582 1.5251787224896582 2.382686738740553 238.26867387405525 0.05810863755995798 5.810863755995798 497.8564266668158 1.0 16.0 0.0
54060.00836658444 0.04999999999999998 5.0 3232.049659563027 140.10630734104794 0.8000000000000002 80.0 0.73 73.0 114302.76091401465 1.143027609140147E7 26481.244724761644 2648124.4724761643 2139451.0 2139451.0 28812.1929803918 2881219.29803918 20068.500374643816 40127.35992756246 13.22304717208365 13.22304717208365 2.367624285918318 236.7624285918318 0.058460555910389136 5.846055591038914 497.91616000014955 1.0 17.0 0.0
54120.00836658444 0.04999999999999998 5.0 3252.887084092259 142.23213108014434 0.79 79.0 0.74 74.0 114472.56091401464 1.144725609140147E7 26491.444724761644 2649144.4724761643 2139451.0 2139451.0 28816.35924027629 2881635.924027629 20068.500374643816 40127.35992756246 14.251273159707676 14.251273159707676 2.3826378526137155 238.2637852613716 0.05865812525031478 5.865812525031479 497.97589333348327 1.0 17.0 0.0
54180.00836658444 0.04999999999999998 5.0 3273.714940297668 144.35562050426094 0.79 79.0 0.73 73.0 114641.93091401465 1.146419309140147E7 26502.074724761645 2650207.4724761643 2139451.0 2139451.0 28820.452757700717 2882045.2757700724 20068.500374643816 40127.35992756246 13.48702238003336 13.48702238003336 2.365607219701152 236.5607219701152 0.06099254573169382 6.099254573169383 498.035626666817 1.0 19.0 0.0
54240.00836658444 0.04999999999999998 5.0 3294.619845311429 146.4417668490352 0.79 79.0 0.73 73.0 114810.53091401464 1.148105309140147E7 26513.474724761643 2651347.4724761643 2139451.0 2139451.0 28824.64499819366 2882464.4998193663 20068.500374643816 40127.35992756246 13.68063886253624 13.68063886253624 2.356056606466052 235.60566064660523 0.061954483892221 6.195448389222101 498.0953600001507 1.0 19.0 0.0
54300.00836658444 0.04999999999999998 5.0 3314.583845696794 148.5275321727615 0.7600000000000001 76.0 0.73 73.0 114979.13091401465 1.149791309140147E7 26524.874724761645 2652487.4724761643 2139451.0 2139451.0 28828.81829907371 2882881.829907371 20068.500374643816 40127.35992756246 9.560154170630431 9.560154170630431 2.4454068496005648 244.5406849600565 0.0614316491581486 6.143164915814862 498.15509333348444 1.0 19.0 0.0
54360.00836658444 0.05999999999999997 6.0 3333.8221058997597 150.55912160342646 0.7600000000000001 76.0 0.71 71.0 115147.28091401464 1.151472809140147E7 26536.724724761643 2653672.4724761643 2139451.0 2139451.0 28833.829868807345 2883382.9868807346 20068.500374643816 40127.35992756246 1.1611416620276165 1.1611416620276165 2.444933401938656 244.49334019386555 0.06296715720192787 6.296715720192786 498.21482666681817 1.0 20.0 0.0
54420.00836658444 0.05999999999999997 6.0 3352.2661614749213 152.54762513922557 0.7399999999999999 74.0 0.71 71.0 115314.95091401465 1.153149509140147E7 26549.054724761645 2654905.4724761643 2139451.0 2139451.0 28838.907024040895 2883890.7024040893 20068.500374643816 40127.35992756246 6.423232623479348 6.423232623479348 2.4789277619467427 247.89277619467424 0.06593229551973721 6.593229551973721 498.2745600001519 1.0 21.0 0.0
54480.00836658444 0.05999999999999997 6.0 3370.2593787884025 154.51424216641544 0.7299999999999999 73.0 0.69 69.0 115482.35091401465 1.154823509140147E7 26561.654724761644 2656165.4724761643 2139451.0 2139451.0 28843.976139076443 2884397.6139076445 20068.500374643816 40127.35992756246 14.850312829496202 14.850312829496202 2.5139731591552437 251.3973159155244 0.06616604221138218 6.616604221138218 498.3342933334856 1.0 21.0 0.0
54540.00836658444 0.05999999999999997 6.0 3386.8816516189963 156.44092307200216 0.71 71.0 0.69 69.0 115649.75091401464 1.156497509140147E7 26574.254724761646 2657425.4724761643 2139451.0 2139451.0 28848.38852625376 2884838.852625376 20068.500374643816 40127.35992756246 3.7753183515602236 3.7753183515602236 2.552773980229822 255.27739802298214 0.06699039576504401 6.699039576504401 498.39402666681934 1.0 21.0 0.0
54600.00836658444 0.06999999999999998 7.0 3403.1964273799817 158.3388272392317 0.6999999999999998 70.0 0.6799999999999999 68.0 115817.15091401465 1.158171509140147E7 26586.854724761644 2658685.4724761643 2139451.0 2139451.0 28852.746589328042 2885274.658932804 20068.500374643816 40127.35992756246 12.614435800677668 12.614435800677668 2.5804327702486813 258.0432770248682 0.06521598998566083 6.521598998566081 498.45376000015307 1.0 21.0 0.0
54660.00836658444 0.06999999999999998 7.0 3419.0351052454444 160.22936868249613 0.6999999999999998 70.0 0.6799999999999999 68.0 115984.55091401465 1.159845509140147E7 26599.454724761643 2659945.4724761643 2139451.0 2139451.0 28857.577380216837 2885757.7380216834 20068.500374643816 40127.35992756246 2.080003677611425 2.080003677611425 2.5896687156443075 258.96687156443073 0.06679426261358906 6.679426261358907 498.5134933334868 1.0 21.0 0.0
54720.00836658444 0.06999999999999998 7.0 3434.882601586485 162.10802420617264 0.6999999999999998 70.0 0.6799999999999999 68.0 116151.95091401465 1.161519509140147E7 26612.054724761645 2661205.4724761643 2139451.0 2139451.0 28861.69475920811 2886169.4759208113 20068.500374643816 40127.35992756246 7.314945258664032 7.314945258664032 2.5902985944914363 259.0298594491436 0.06587923037106855 6.587923037106853 498.5732266668205 1.0 21.0 0.0
54780.00836658444 0.06999999999999998 7.0 3450.7373114271927 163.98970112794368 0.6999999999999998 70.0 0.6799999999999999 68.0 116319.35091401465 1.1631935091401469E7 26624.654724761644 2662465.4724761643 2139451.0 2139451.0 28865.861585176408 2886586.1585176405 20068.500374643816 40127.35992756246 16.1581695039985 16.1581695039985 2.5937539372461718 259.3753937246172 0.06634712999432205 6.634712999432204 498.63296000015424 1.0 21.0 0.0
54840.00836658444 0.07999999999999999 8.0 3465.923560340734 165.87827204652643 0.68 68.0 0.69 69.0 116486.75091401464 1.1648675091401469E7 26637.254724761646 2663725.4724761643 2139451.0 2139451.0 28870.74478161275 2887074.478161275 20068.500374643816 40127.35992756246 8.76522501804524 8.76522501804524 2.638162906968692 263.81629069686915 0.06632214173198085 6.632214173198083 498.69269333348797 1.0 21.0 0.0
54900.00836658444 0.07999999999999999 8.0 3480.6495952281975 167.79199344980023 0.68 68.0 0.69 69.0 116654.15091401465 1.1665415091401469E7 26649.854724761644 2664985.4724761643 2139451.0 2139451.0 28875.76053610014 2887576.0536100143 20068.500374643816 40127.35992756246 4.098513755133431 4.098513755133431 2.651996459043361 265.19964590433614 0.0668694773756529 6.686947737565287 498.7524266668217 1.0 21.0 0.0
54960.00836658444 0.07999999999999999 8.0 3495.3709504883395 169.6540372384276 0.68 68.0 0.67 67.0 116821.55091401465 1.1682155091401469E7 26662.454724761643 2666245.4724761643 2139451.0 2139451.0 28880.782965866587 2888078.296586659 20068.500374643816 40127.35992756246 15.208267171174041 15.208267171174041 2.6328157472244555 263.28157472244555 0.06585508934249121 6.585508934249119 498.8121600001554 1.0 21.0 0.0
55020.00836658444 0.09999999999999998 10.0 3509.2091298493965 171.4862436659399 0.6599999999999999 66.0 0.67 67.0 116988.36091401464 1.1698836091401469E7 26675.644724761645 2667564.4724761643 2139451.0 2139451.0 28887.263485081294 2888726.34850813 20068.500374643816 40127.35992756246 1.426095279148972 1.426095279148972 2.6804876622324856 268.0487662232486 0.06566003571998019 6.566003571998019 498.87189333348914 1.0 22.0 0.0
55080.00836658444 0.11999999999999995 12.0 3522.520983454474 173.28222221113222 0.6499999999999999 65.0 0.67 67.0 117155.16091401465 1.1715516091401469E7 26688.844724761642 2668884.4724761643 2139451.0 2139451.0 28895.360443623165 2889536.0443623164 20068.500374643816 40127.35992756246 1.056396043083112 1.056396043083112 2.7105966595757143 271.05966595757144 0.06866166167460251 6.866166167460251 498.93162666682286 1.0 22.0 0.0
55140.00836658444 0.13000000000000003 13.0 3535.292065830093 175.10128089524352 0.6300000000000001 63.0 0.67 67.0 117322.04091401465 1.1732204091401469E7 26701.964724761645 2670196.4724761643 2139451.0 2139451.0 28902.624000721975 2890262.400072197 20068.500374643816 40127.35992756246 12.826502040242698 12.826502040242698 2.779362349772114 277.9362349772114 0.06706650697060976 6.706650697060974 498.9913600001566 1.0 21.0 0.0
55200.00836658444 0.13000000000000003 13.0 3547.17407714853 176.9247821640276 0.6300000000000001 63.0 0.6599999999999999 66.0 117489.42091401464 1.1748942091401469E7 26714.584724761644 2671458.4724761643 2139451.0 2139451.0 28910.00185608015 2891000.185608015 20068.500374643816 40127.35992756246 4.774824685448443 4.774824685448443 2.7708248934590998 277.08248934590995 0.06506994411167058 6.506994411167056 499.0510933334903 1.0 22.0 0.0
55260.00836658444 0.11999999999999997 12.0 3559.1344108467283 178.71312211878546 0.6300000000000001 63.0 0.6599999999999999 66.0 117656.22091401464 1.1765622091401469E7 26727.784724761645 2672778.4724761643 2139451.0 2139451.0 28917.53625828829 2891753.625828829 20068.500374643816 40127.35992756246 15.118412972162115 15.118412972162115 2.761598363695277 276.1598363695277 0.06408959157135885 6.408959157135884 499.11082666682404 1.0 22.0 0.0
55320.00836658444 0.13999999999999999 14.0 3570.0302629233647 180.5347284480221 0.6 60.0 0.6599999999999999 66.0 117823.02091401465 1.1782302091401469E7 26740.984724761645 2674098.4724761643 2139451.0 2139451.0 28925.254434695547 2892525.443469554 20068.500374643816 40127.35992756246 8.773250942842019 8.773250942842019 2.8619998542344915 286.19998542344916 0.06806293277422243 6.80629327742224 499.17056000015776 1.0 22.0 0.0
55380.00836658444 0.13999999999999999 14.0 3580.3205607931377 182.32127636471617 0.6 60.0 0.67 67.0 117989.12091401465 1.1798912091401469E7 26754.884724761643 2675488.4724761643 2139451.0 2139451.0 28933.513391362634 2893351.3391362634 20068.500374643816 40127.35992756246 9.817981846012835 9.817981846012835 2.8214623734849007 282.1462373484902 0.07040535207906969 7.0405352079069665 499.2302933334915 1.0 24.0 0.0
55440.00836658444 0.13999999999999999 14.0 3590.698683623186 184.13215105246744 0.6 60.0 0.6799999999999999 68.0 118154.28091401464 1.1815428091401469E7 26769.724724761643 2676972.4724761643 2139451.0 2139451.0 28941.048273564884 2894104.8273564884 20068.500374643816 40127.35992756246 13.241671869806403 13.241671869806403 2.8154107984634145 281.54107984634146 0.07087688001461694 7.08768800146169 499.2900266668252 1.0 25.0 0.0
55500.00836658444 0.13999999999999999 14.0 3601.159454258628 185.97765086369364 0.6 60.0 0.69 69.0 118318.75091401464 1.1831875091401469E7 26785.254724761646 2678525.4724761643 2139451.0 2139451.0 28948.630514556 2894863.0514556 20068.500374643816 40127.35992756246 15.198114944681175 15.198114944681175 2.800873269729495 280.08732697294954 0.07047480462284214 7.047480462284215 499.34976000015894 1.0 26.0 0.0
55560.00836658444 0.15 15.0 3611.2769448332383 187.80139819525053 0.58 58.0 0.6799999999999999 68.0 118483.11091401464 1.1848311091401469E7 26800.894724761645 2680089.4724761643 2139451.0 2139451.0 28956.215076454293 2895621.50764543 20068.500374643816 40127.35992756246 12.543771035967293 12.543771035967293 2.8338963221983007 283.38963221983005 0.06967745817616461 6.967745817616457 499.40949333349266 1.0 26.0 0.0
55620.00836658444 0.16999999999999998 17.0 3620.2621504764684 189.60592492355593 0.55 55.0 0.6599999999999999 66.0 118647.39091401464 1.1864739091401469E7 26816.614724761643 2681661.4724761643 2139451.0 2139451.0 28964.179521741517 2896417.952174152 20068.500374643816 40127.35992756246 2.477885909504028 2.477885909504028 2.9107668556467066 291.07668556467075 0.0722514198938993 7.225141989389931 499.4692266668264 1.0 27.0 0.0
55680.00836658444 0.16999999999999998 17.0 3627.409581451263 191.34209919873229 0.5299999999999999 53.0 0.6599999999999999 66.0 118811.19091401465 1.1881119091401469E7 26832.814724761643 2683281.4724761643 2139451.0 2139451.0 28973.30206843644 2897330.206843644 20068.500374643816 40127.35992756246 13.000350414477191 13.000350414477191 2.974843932523931 297.48439325239303 0.07361037285991691 7.36103728599169 499.5289600001601 1.0 27.0 0.0
55740.00836658444 0.18000000000000002 18.0 3633.5248584778765 193.05464295844993 0.52 52.0 0.65 65.0 118973.94091401465 1.1897394091401469E7 26850.064724761643 2685006.4724761643 2139451.0 2139451.0 28982.912060476596 2898291.2060476593 20068.500374643816 40127.35992756246 9.582821039064108 9.582821039064108 2.9762395148029004 297.62395148029 0.07934396430940645 7.934396430940644 499.58869333349384 1.0 28.999999999999996 0.0
55800.00836658444 0.19000000000000003 19.0 3639.1486707049885 194.69655838526737 0.5 50.0 0.64 64.0 119136.54091401465 1.1913654091401469E7 26867.464724761645 2686746.4724761643 2139451.0 2139451.0 28994.191681590146 2899419.168159015 20068.500374643816 40127.35992756246 14.952201884103385 14.952201884103385 3.0159305394148115 301.5930539414811 0.07929486335424799 7.929486335424796 499.64842666682756 1.0 28.999999999999996 0.0
55860.00836658444 0.19000000000000003 19.0 3644.07454718026 196.3008010822168 0.49 49.0 0.62 62.0 119299.14091401464 1.1929914091401469E7 26884.864724761643 2688486.4724761643 2139451.0 2139451.0 29004.646836086864 2900464.6836086866 20068.500374643816 40127.35992756246 1.2900267189622165 1.2900267189622165 3.0342489155979546 303.42489155979547 0.07952636673848158 7.952636673848154 499.7081600001613 1.0 28.999999999999996 0.0
55920.00836658444 0.21000000000000002 21.0 3648.354489945956 197.84884242094148 0.47000000000000003 47.0 0.61 61.0 119460.76091401465 1.1946076091401469E7 26903.244724761644 2690324.4724761643 2139451.0 2139451.0 29013.529695693753 2901352.969569375 20068.500374643816 40127.35992756246 9.837126659349131 9.837126659349131 3.008864183788919 300.886418378892 0.0827636834827292 8.276368348272918 499.767893333495 1.0 31.0 0.0
55980.00836658444 0.22 22.0 3651.100547559527 199.29803233118565 0.45 45.0 0.5900000000000001 59.0 119622.16091401465 1.1962216091401469E7 26921.844724761642 2692184.4724761643 2139451.0 2139451.0 29024.841670302743 2902484.167030274 20068.500374643816 40127.35992756246 7.613225805456678 7.613225805456678 3.10838234004898 310.83823400489814 0.08552170730576368 8.552170730576366 499.82762666682873 1.0 31.0 0.0
56040.00836658444 0.23 23.0 3652.383486248739 200.71967039523503 0.43000000000000005 43.0 0.5900000000000001 59.0 119783.70091401465 1.1978370091401469E7 26940.304724761645 2694030.4724761643 2139451.0 2139451.0 29036.917087162557 2903691.708716255 20068.500374643816 40127.35992756246 10.01422895910774 10.01422895910774 3.1721273078176084 317.2127307817609 0.08168227308400529 8.168227308400526 499.88736000016246 1.0 30.0 0.0
56100.00836658444 0.23 23.0 3653.6371960344654 202.15120990446783 0.43000000000000005 43.0 0.5900000000000001 59.0 119945.65091401465 1.1994565091401469E7 26958.354724761644 2695835.4724761643 2139451.0 2139451.0 29048.55951011277 2904855.9510112763 20068.500374643816 40127.35992756246 4.497950838399465 4.497950838399465 3.157003811552836 315.7003811552836 0.08632319194085347 8.63231919408535 499.9470933334962 1.0 31.0 0.0
56160.00836658444 0.24 24.0 3654.9534190242866 203.56068575747557 0.43000000000000005 43.0 0.58 58.0 120107.05091401465 1.2010705091401469E7 26976.954724761643 2697695.4724761643 2139451.0 2139451.0 29060.4427399552 2906044.273995519 20068.500374643816 40127.35992756246 16.20099179110646 16.20099179110646 3.1755175245407052 317.5517524540704 0.08892393702049746 8.89239370204975 500.0068266668299 1.0 31.0 0.0
56220.00836658444 0.25 25.0 3655.739625974805 204.93734005718272 0.41000000000000003 41.0 0.58 58.0 120268.29091401465 1.2026829091401469E7 26995.714724761645 2699571.4724761643 2139451.0 2139451.0 29074.24561611186 2907424.5616111867 20068.500374643816 40127.35992756246 0.7281405586898962 0.7281405586898962 3.1987655801548156 319.8765580154816 0.08796038732067309 8.796038732067307 500.06656000016363 1.0 32.0 0.0
56280.00836658444 0.26 26.0 3655.5704772784034 206.2901164022799 0.4 40.0 0.5700000000000001 57.0 120429.48091401465 1.2042948091401469E7 27014.524724761643 2701452.4724761643 2139451.0 2139451.0 29089.32268868353 2908932.268868352 20068.500374643816 40127.35992756246 6.9651922251570175 6.9651922251570175 3.22041519704556 322.0415197045559 0.08506896420889151 8.50689642088915 500.12629333349736 1.0 31.0 0.0
56340.00836658444 0.26 26.0 3654.8320333565725 207.64137090513444 0.36999999999999994 37.0 0.5700000000000001 57.0 120590.71091401465 1.2059071091401469E7 27033.294724761643 2703329.4724761643 2139451.0 2139451.0 29104.039537256893 2910403.953725689 20068.500374643816 40127.35992756246 11.29937412433065 11.29937412433065 3.282567632179595 328.2567632179596 0.08827949353538034 8.827949353538031 500.1860266668311 1.0 32.0 0.0
56400.00836658444 0.26 26.0 3652.8154509947713 208.98359145275313 0.36999999999999994 37.0 0.5700000000000001 57.0 120751.07091401465 1.2075107091401469E7 27052.934724761642 2705293.4724761643 2139451.0 2139451.0 29117.433438811255 2911743.343881124 20068.500374643816 40127.35992756246 8.610516532984052 8.610516532984052 3.2889055055749465 328.89055055749446 0.08804581990261737 8.804581990261736 500.2457600001648 1.0 33.0 0.0
56460.00836658444 0.26 26.0 3650.8114457446522 210.31218971343253 0.36999999999999994 37.0 0.58 58.0 120911.27091401465 1.2091127091401469E7 27072.734724761645 2707273.4724761643 2139451.0 2139451.0 29131.5114938705 2913151.1493870495 20068.500374643816 40127.35992756246 14.758777490051553 14.758777490051553 3.280881979600152 328.0881979600152 0.08688118465313602 8.688118465313604 500.30549333349853 1.0 33.0 0.0
56520.00836658444 0.26 26.0 3648.923418574686 211.65408278142925 0.36999999999999994 37.0 0.58 58.0 121070.39091401464 1.2107039091401469E7 27093.614724761643 2709361.4724761643 2139451.0 2139451.0 29144.868226444905 2914486.8226444903 20068.500374643816 40127.35992756246 8.933057632820049 8.933057632820049 3.2462497977808638 324.6249797780863 0.09773469323630592 9.77346932363059 500.36522666683226 1.0 37.0 0.0
56580.00836658444 0.26 26.0 3647.218515175134 212.9610356105352 0.36999999999999994 37.0 0.58 58.0 121227.86091401464 1.2122786091401469E7 27116.144724761645 2711614.4724761643 2139451.0 2139451.0 29159.158056475517 2915915.805647551 20068.500374643816 40127.35992756246 5.803404546461277 5.803404546461277 3.2294086296416022 322.9408629641602 0.10018169297209319 10.018169297209319 500.424960000166 1.0 38.0 0.0
56640.00836658444 0.27999999999999997 28.0 3645.003138966796 214.26990984019037 0.35 35.0 0.58 58.0 121385.07091401465 1.2138507091401469E7 27138.934724761642 2713893.4724761643 2139451.0 2139451.0 29173.893468882627 2917389.3468882614 20068.500374643816 40127.35992756246 10.338119631078817 10.338119631078817 3.294366592747062 329.4366592747061 0.09717377512717006 9.717377512717006 500.4846933334997 1.0 38.0 0.0
56700.00836658444 0.29 29.0 3641.832048211574 215.50855741951256 0.34 34.0 0.55 55.0 121541.56091401464 1.2154156091401469E7 27162.444724761644 2716244.4724761643 2139451.0 2139451.0 29190.22259475469 2919022.259475468 20068.500374643816 40127.35992756246 9.497979912489773 9.497979912489773 3.295382037745839 329.5382037745839 0.10040520466102595 10.040520466102594 500.54442666683343 1.0 40.0 0.0
56760.00836658444 0.3 30.0 3638.2485264615707 216.69295200435832 0.32999999999999996 33.0 0.55 55.0 121697.39091401464 1.2169739091401469E7 27186.614724761643 2718661.4724761643 2139451.0 2139451.0 29206.297968206763 2920629.7968206755 20068.500374643816 40127.35992756246 5.425964090192244 5.425964090192244 3.2858402714700454 328.5840271470045 0.1030165156254916 10.301651562549162 500.60416000016716 1.0 41.0 0.0
56820.00836658444 0.3 30.0 3634.439212741679 217.86496765602092 0.32999999999999996 33.0 0.55 55.0 121852.60091401465 1.2185260091401469E7 27211.404724761644 2721140.4724761643 2139451.0 2139451.0 29222.30987132663 2922230.987132663 20068.500374643816 40127.35992756246 5.311586266839033 5.311586266839033 3.3002317986688805 330.02317986688803 0.10305473947813446 10.305473947813447 500.6638933335009 1.0 42.0 0.0
56880.00836658444 0.3 30.0 3630.7234467061785 219.04756736470551 0.32999999999999996 33.0 0.55 55.0 122006.97091401464 1.2200697091401469E7 27237.034724761645 2723703.4724761643 2139451.0 2139451.0 29238.774771838805 2923877.47718388 20068.500374643816 40127.35992756246 1.7169031515770399 1.7169031515770399 3.2837759132082924 328.37759132082925 0.10252635867636982 10.25263586763698 500.7236266668346 1.0 43.0 0.0
56940.00836658444 0.3 30.0 3627.0356201434734 220.22530979816804 0.32999999999999996 33.0 0.54 54.0 122161.04091401465 1.2216104091401469E7 27262.964724761645 2726296.4724761643 2139451.0 2139451.0 29255.595098977523 2925559.509897752 20068.500374643816 40127.35992756246 0.24535682120800703 0.24535682120800703 3.28780761717165 328.7807617171649 0.09905531794572194 9.905531794572195 500.78336000016833 1.0 43.0 0.0
57000.00836658444 0.33999999999999997 34.0 3623.387615094996 221.35138812077736 0.32 32.0 0.51 51.0 122315.07091401465 1.2231507091401469E7 27288.934724761642 2728893.4724761643 2139451.0 2139451.0 29272.67591772868 2927267.591772868 20068.500374643816 40127.35992756246 14.398764520080002 14.398764520080002 3.257870982262866 325.78709822628656 0.10196877989994638 10.196877989994634 500.84309333350205 1.0 43.0 0.0
57060.00836658444 0.33999999999999997 34.0 3619.2091174349075 222.4165010612327 0.32 32.0 0.51 51.0 122468.82091401465 1.2246882091401469E7 27315.184724761642 2731518.4724761643 2139451.0 2139451.0 29292.700845230353 2929270.0845230343 20068.500374643816 40127.35992756246 0.45344956571452144 0.45344956571452144 3.2851180089349965 328.51180089349964 0.10112575193879961 10.11257519387996 500.9028266668358 1.0 44.0 0.0
57120.00836658444 0.33999999999999997 34.0 3614.6947041811754 223.48989656865518 0.30000000000000004 30.0 0.51 51.0 122622.81091401464 1.2262281091401469E7 27341.194724761644 2734119.4724761643 2139451.0 2139451.0 29313.33198920779 2931333.1989207785 20068.500374643816 40127.35992756246 6.023660652703321 6.023660652703321 3.361747928248817 336.17479282488176 0.09825376370099696 9.825376370099697 500.9625600001695 1.0 43.0 0.0
57180.00836658444 0.36000000000000004 36.0 3609.476982026321 224.54218984151856 0.29 29.0 0.5 50.0 122777.56091401464 1.2277756091401469E7 27366.444724761644 2736644.4724761643 2139451.0 2139451.0 29335.574101543258 2933557.410154325 20068.500374643816 40127.35992756246 0.9795418526077335 0.9795418526077335 3.3742686078896487 337.4268607889648 0.09876387167890202 9.876387167890202 501.0222933335032 1.0 42.0 0.0
57240.00836658444 0.36000000000000004 36.0 3603.8444296414104 225.5889006209561 0.29 29.0 0.5 50.0 122932.36091401464 1.2293236091401469E7 27391.644724761645 2739164.4724761643 2139451.0 2139451.0 29358.349520361167 2935834.9520361163 20068.500374643816 40127.35992756246 5.976428061741214 5.976428061741214 3.36655517411116 336.6555174111161 0.09874567322681767 9.87456732268177 501.08202666683695 1.0 42.0 0.0
57300.00836658444 0.36999999999999994 37.0 3597.9983676441043 226.6349283187425 0.27999999999999997 28.0 0.5 50.0 123086.89091401464 1.2308689091401469E7 27417.114724761643 2741711.4724761643 2139451.0 2139451.0 29380.636238003994 2938063.6238003992 20068.500374643816 40127.35992756246 11.99769026301849 11.99769026301849 3.358746131076762 335.8746131076762 0.10404847014686923 10.404847014686924 501.1417600001707 1.0 44.0 0.0
57360.00836658444 0.38 38.0 3591.567184575405 227.6617284409407 0.27 27.0 0.49 49.0 123240.33091401464 1.2324033091401469E7 27443.674724761644 2744367.472476165 2139451.0 2139451.0 29402.460160468996 2940246.0160468994 20068.500374643816 40127.35992756246 3.2725638066741163 3.2725638066741163 3.393616772429624 339.3616772429624 0.10159854262078065 10.159854262078069 501.2014933335044 1.0 45.0 0.0
57420.00836658444 0.4 40.0 3584.256731410461 228.6352131352575 0.25 25.0 0.48 48.0 123393.31091401464 1.2339331091401469E7 27470.694724761644 2747069.472476165 2139451.0 2139451.0 29424.88253372752 2942488.2533727516 20068.500374643816 40127.35992756246 0.3145620167484186 0.3145620167484186 3.443436760249391 344.34367602493916 0.10453197575844683 10.453197575844683 501.2612266668381 1.0 46.0 0.0
57480.00836658444 0.41000000000000003 41.0 3576.669442166597 229.57146583765598 0.25 25.0 0.47000000000000003 47.0 123545.71091401465 1.2354571091401469E7 27498.294724761643 2749829.472476165 2139451.0 2139451.0 29447.081436187716 2944708.143618772 20068.500374643816 40127.35992756246 10.240107917971345 10.240107917971345 3.449956909353737 344.9956909353737 0.10722583993964363 10.722583993964353 501.32096000017185 1.0 46.0 0.0
57540.00836658444 0.42000000000000004 42.0 3568.9302589513377 230.47549817404015 0.23999999999999994 24.0 0.47000000000000003 47.0 123697.24091401465 1.2369724091401469E7 27526.764724761644 2752676.472476165 2139451.0 2139451.0 29470.683784939436 2947068.3784939437 20068.500374643816 40127.35992756246 13.668473852204094 13.668473852204094 3.4241497424157803 342.414974241578 0.11030380096128418 11.030380096128415 501.3806933335056 1.0 48.0 0.0
57600.00836658444 0.44000000000000006 44.0 3560.675420897436 231.31931137554034 0.23 23.0 0.44000000000000006 44.0 123847.74091401465 1.2384774091401469E7 27556.264724761644 2755626.472476165 2139451.0 2139451.0 29494.768315996313 2949476.8315996313 20068.500374643816 40127.35992756246 13.299751950639278 13.299751950639278 3.419647437969951 341.9647437969952 0.11974721980745091 11.974721980745088 501.4404266668393 1.0 50.0 0.0
#####################################################################
# End of data export. Simulation finished at: 2024-05-18T20:42+0000 #
#####################################################################
